0.000000    0.000000  0.071672
0.000000    5.000000  0.071416
0.000000    10.000000  0.070661
0.000000    15.000000  0.069400
0.000000    20.000000  0.067633
0.000000    25.000000  0.065336
0.000000    30.000000  0.062571
0.000000    35.000000  0.065309
0.000000    40.000000  0.067558
0.000000    45.000000  0.069310
0.000000    50.000000  0.070564
0.000000    55.000000  0.071317
0.000000    60.000000  0.071567
0.000000    65.000000  0.071316
0.000000    70.000000  0.070564
0.000000    75.000000  0.069310
0.000000    80.000000  0.067557
0.000000    85.000000  0.065309
0.000000    90.000000  0.062570
0.000000    95.000000  0.078501
0.000000    100.000000  0.094439
0.000000    105.000000  0.107505
0.000000    110.000000  0.118493
0.000000    115.000000  0.127804
0.000000    120.000000  0.135713
0.000000    125.000000  0.142409
0.000000    130.000000  0.148030
0.000000    135.000000  0.152790
0.000000    140.000000  0.156693
0.000000    145.000000  0.159809
0.000000    150.000000  0.162362
0.000000    155.000000  0.165940
0.000000    160.000000  0.168778
0.000000    165.000000  0.170933
0.000000    170.000000  0.172444
0.000000    175.000000  0.173340
0.000000    180.000000  0.173637
5.000000    0.000000  0.071166
5.000000    5.000000  0.071421
5.000000    10.000000  0.071166
5.000000    15.000000  0.070412
5.000000    20.000000  0.069156
5.000000    25.000000  0.067395
5.000000    30.000000  0.065105
5.000000    35.000000  0.062349
5.000000    40.000000  0.065078
5.000000    45.000000  0.067319
5.000000    50.000000  0.069066
5.000000    55.000000  0.070316
5.000000    60.000000  0.071066
5.000000    65.000000  0.071316
5.000000    70.000000  0.071066
5.000000    75.000000  0.070315
5.000000    80.000000  0.069066
5.000000    85.000000  0.067319
5.000000    90.000000  0.065078
5.000000    95.000000  0.062348
5.000000    100.000000  0.078285
5.000000    105.000000  0.094223
5.000000    110.000000  0.107284
5.000000    115.000000  0.118266
5.000000    120.000000  0.127571
5.000000    125.000000  0.135473
5.000000    130.000000  0.142163
5.000000    135.000000  0.147779
5.000000    140.000000  0.152535
5.000000    145.000000  0.156435
5.000000    150.000000  0.159550
5.000000    155.000000  0.162102
5.000000    160.000000  0.165668
5.000000    165.000000  0.168497
5.000000    170.000000  0.170645
5.000000    175.000000  0.172151
5.000000    180.000000  0.173044
10.000000    0.000000  0.069668
10.000000    5.000000  0.070414
10.000000    10.000000  0.070666
10.000000    15.000000  0.070414
10.000000    20.000000  0.069668
10.000000    25.000000  0.068424
10.000000    30.000000  0.066680
10.000000    35.000000  0.064414
10.000000    40.000000  0.061684
10.000000    45.000000  0.064386
10.000000    50.000000  0.066605
10.000000    55.000000  0.068334
10.000000    60.000000  0.069572
10.000000    65.000000  0.070315
10.000000    70.000000  0.070562
10.000000    75.000000  0.070314
10.000000    80.000000  0.069571
10.000000    85.000000  0.068334
10.000000    90.000000  0.066604
10.000000    95.000000  0.064386
10.000000    100.000000  0.061683
10.000000    105.000000  0.077635
10.000000    110.000000  0.093572
10.000000    115.000000  0.106621
10.000000    120.000000  0.117586
10.000000    125.000000  0.126871
10.000000    130.000000  0.134753
10.000000    135.000000  0.141424
10.000000    140.000000  0.147024
10.000000    145.000000  0.151767
10.000000    150.000000  0.155657
10.000000    155.000000  0.158766
10.000000    160.000000  0.161316
10.000000    165.000000  0.164848
10.000000    170.000000  0.167650
10.000000    175.000000  0.169776
10.000000    180.000000  0.171267
15.000000    0.000000  0.067206
15.000000    5.000000  0.068429
15.000000    10.000000  0.069162
15.000000    15.000000  0.069410
15.000000    20.000000  0.069162
15.000000    25.000000  0.068429
15.000000    30.000000  0.067206
15.000000    35.000000  0.065491
15.000000    40.000000  0.063262
15.000000    45.000000  0.060577
15.000000    50.000000  0.063234
15.000000    55.000000  0.065415
15.000000    60.000000  0.067116
15.000000    65.000000  0.068333
15.000000    70.000000  0.069063
15.000000    75.000000  0.069307
15.000000    80.000000  0.069063
15.000000    85.000000  0.068332
15.000000    90.000000  0.067116
15.000000    95.000000  0.065415
15.000000    100.000000  0.063233
15.000000    105.000000  0.060576
15.000000    110.000000  0.076554
15.000000    115.000000  0.092486
15.000000    120.000000  0.105514
15.000000    125.000000  0.116447
15.000000    130.000000  0.125697
15.000000    135.000000  0.133544
15.000000    140.000000  0.140182
15.000000    145.000000  0.145753
15.000000    150.000000  0.150473
15.000000    155.000000  0.154346
15.000000    160.000000  0.157445
15.000000    165.000000  0.159990
15.000000    170.000000  0.163464
15.000000    175.000000  0.166220
15.000000    180.000000  0.168310
20.000000    0.000000  0.063828
20.000000    5.000000  0.065502
20.000000    10.000000  0.066696
20.000000    15.000000  0.067412
20.000000    20.000000  0.067654
20.000000    25.000000  0.067412
20.000000    30.000000  0.066696
20.000000    35.000000  0.065502
20.000000    40.000000  0.063828
20.000000    45.000000  0.061652
20.000000    50.000000  0.059030
20.000000    55.000000  0.061623
20.000000    60.000000  0.063752
20.000000    65.000000  0.065412
20.000000    70.000000  0.066600
20.000000    75.000000  0.067314
20.000000    80.000000  0.067551
20.000000    85.000000  0.067313
20.000000    90.000000  0.066600
20.000000    95.000000  0.065412
20.000000    100.000000  0.063752
20.000000    105.000000  0.061622
20.000000    110.000000  0.059029
20.000000    115.000000  0.075041
20.000000    120.000000  0.090965
20.000000    125.000000  0.103958
20.000000    130.000000  0.114844
20.000000    135.000000  0.124041
20.000000    140.000000  0.131834
20.000000    145.000000  0.138423
20.000000    150.000000  0.143950
20.000000    155.000000  0.148633
20.000000    160.000000  0.152479
20.000000    165.000000  0.155561
20.000000    170.000000  0.158096
20.000000    175.000000  0.161490
20.000000    180.000000  0.164180
25.000000    0.000000  0.059588
25.000000    5.000000  0.061695
25.000000    10.000000  0.063317
25.000000    15.000000  0.064474
25.000000    20.000000  0.065167
25.000000    25.000000  0.065402
25.000000    30.000000  0.065167
25.000000    35.000000  0.064474
25.000000    40.000000  0.063317
25.000000    45.000000  0.061695
25.000000    50.000000  0.059588
25.000000    55.000000  0.057046
25.000000    60.000000  0.059557
25.000000    65.000000  0.061619
25.000000    70.000000  0.063228
25.000000    75.000000  0.064378
25.000000    80.000000  0.065069
25.000000    85.000000  0.065300
25.000000    90.000000  0.065069
25.000000    95.000000  0.064378
25.000000    100.000000  0.063227
25.000000    105.000000  0.061619
25.000000    110.000000  0.059556
25.000000    115.000000  0.057045
25.000000    120.000000  0.073099
25.000000    125.000000  0.089006
25.000000    130.000000  0.101948
25.000000    135.000000  0.112765
25.000000    140.000000  0.121886
25.000000    145.000000  0.129604
25.000000    150.000000  0.136123
25.000000    155.000000  0.141588
25.000000    160.000000  0.146218
25.000000    165.000000  0.150024
25.000000    170.000000  0.153079
25.000000    175.000000  0.155597
25.000000    180.000000  0.158885
30.000000    0.000000  0.054632
30.000000    5.000000  0.057075
30.000000    10.000000  0.059098
30.000000    15.000000  0.060656
30.000000    20.000000  0.061767
30.000000    25.000000  0.062433
30.000000    30.000000  0.062658
30.000000    35.000000  0.062433
30.000000    40.000000  0.061767
30.000000    45.000000  0.060656
30.000000    50.000000  0.059098
30.000000    55.000000  0.057075
30.000000    60.000000  0.054632
30.000000    65.000000  0.057042
30.000000    70.000000  0.059022
30.000000    75.000000  0.060567
30.000000    80.000000  0.061672
30.000000    85.000000  0.062336
30.000000    90.000000  0.062557
30.000000    95.000000  0.062336
30.000000    100.000000  0.061672
30.000000    105.000000  0.060566
30.000000    110.000000  0.059022
30.000000    115.000000  0.057041
30.000000    120.000000  0.054631
30.000000    125.000000  0.070731
30.000000    130.000000  0.086608
30.000000    135.000000  0.099477
30.000000    140.000000  0.110198
30.000000    145.000000  0.119215
30.000000    150.000000  0.126829
30.000000    155.000000  0.133251
30.000000    160.000000  0.138630
30.000000    165.000000  0.143188
30.000000    170.000000  0.146935
30.000000    175.000000  0.149950
30.000000    180.000000  0.152441
35.000000    0.000000  0.059452
35.000000    5.000000  0.056941
35.000000    10.000000  0.067336
35.000000    15.000000  0.072299
35.000000    20.000000  0.075269
35.000000    25.000000  0.077201
35.000000    30.000000  0.078416
35.000000    35.000000  0.079037
35.000000    40.000000  0.079115
35.000000    45.000000  0.078698
35.000000    50.000000  0.077809
35.000000    55.000000  0.076457
35.000000    60.000000  0.074637
35.000000    65.000000  0.072396
35.000000    70.000000  0.074755
35.000000    75.000000  0.076691
35.000000    80.000000  0.078198
35.000000    85.000000  0.079276
35.000000    90.000000  0.079924
35.000000    95.000000  0.080139
35.000000    100.000000  0.079923
35.000000    105.000000  0.079276
35.000000    110.000000  0.078198
35.000000    115.000000  0.076690
35.000000    120.000000  0.074755
35.000000    125.000000  0.072395
35.000000    130.000000  0.088455
35.000000    135.000000  0.104173
35.000000    140.000000  0.116796
35.000000    145.000000  0.127204
35.000000    150.000000  0.135845
35.000000    155.000000  0.143006
35.000000    160.000000  0.148865
35.000000    165.000000  0.153502
35.000000    170.000000  0.156983
35.000000    175.000000  0.158937
35.000000    180.000000  0.158153
40.000000    0.000000  0.063682
40.000000    5.000000  0.061551
40.000000    10.000000  0.058957
40.000000    15.000000  0.072308
40.000000    20.000000  0.080024
40.000000    25.000000  0.084882
40.000000    30.000000  0.088143
40.000000    35.000000  0.090336
40.000000    40.000000  0.091722
40.000000    45.000000  0.092387
40.000000    50.000000  0.092463
40.000000    55.000000  0.092000
40.000000    60.000000  0.091025
40.000000    65.000000  0.089550
40.000000    70.000000  0.087632
40.000000    75.000000  0.090021
40.000000    80.000000  0.091972
40.000000    85.000000  0.093488
40.000000    90.000000  0.094569
40.000000    95.000000  0.095218
40.000000    100.000000  0.095434
40.000000    105.000000  0.095218
40.000000    110.000000  0.094569
40.000000    115.000000  0.093487
40.000000    120.000000  0.091971
40.000000    125.000000  0.090020
40.000000    130.000000  0.087632
40.000000    135.000000  0.103525
40.000000    140.000000  0.118900
40.000000    145.000000  0.131045
40.000000    150.000000  0.140857
40.000000    155.000000  0.148778
40.000000    160.000000  0.155067
40.000000    165.000000  0.159846
40.000000    170.000000  0.163087
40.000000    175.000000  0.164667
40.000000    180.000000  0.163849
45.000000    0.000000  0.067062
45.000000    5.000000  0.065360
45.000000    10.000000  0.063177
45.000000    15.000000  0.060519
45.000000    20.000000  0.075272
45.000000    25.000000  0.084880
45.000000    30.000000  0.091331
45.000000    35.000000  0.095865
45.000000    40.000000  0.099076
45.000000    45.000000  0.101303
45.000000    50.000000  0.102648
45.000000    55.000000  0.103312
45.000000    60.000000  0.103364
45.000000    65.000000  0.102847
45.000000    70.000000  0.101789
45.000000    75.000000  0.100259
45.000000    80.000000  0.102720
45.000000    85.000000  0.104722
45.000000    90.000000  0.106272
45.000000    95.000000  0.107376
45.000000    100.000000  0.108036
45.000000    105.000000  0.108256
45.000000    110.000000  0.108036
45.000000    115.000000  0.107375
45.000000    120.000000  0.106272
45.000000    125.000000  0.104722
45.000000    130.000000  0.102720
45.000000    135.000000  0.100258
45.000000    140.000000  0.115896
45.000000    145.000000  0.130792
45.000000    150.000000  0.142289
45.000000    155.000000  0.151311
45.000000    160.000000  0.158297
45.000000    165.000000  0.163484
45.000000    170.000000  0.166940
45.000000    175.000000  0.168557
45.000000    180.000000  0.168078
50.000000    0.000000  0.069528
50.000000    5.000000  0.068290
50.000000    10.000000  0.066559
50.000000    15.000000  0.064338
50.000000    20.000000  0.061634
50.000000    25.000000  0.077192
50.000000    30.000000  0.088119
50.000000    35.000000  0.095838
50.000000    40.000000  0.101476
50.000000    45.000000  0.105629
50.000000    50.000000  0.108672
50.000000    55.000000  0.110703
50.000000    60.000000  0.111977
50.000000    65.000000  0.112572
50.000000    70.000000  0.112546
50.000000    75.000000  0.111939
50.000000    80.000000  0.110826
50.000000    85.000000  0.113384
50.000000    90.000000  0.115455
50.000000    95.000000  0.117052
50.000000    100.000000  0.118187
50.000000    105.000000  0.118865
50.000000    110.000000  0.119091
50.000000    115.000000  0.118865
50.000000    120.000000  0.118187
50.000000    125.000000  0.117052
50.000000    130.000000  0.115454
50.000000    135.000000  0.113383
50.000000    140.000000  0.110825
50.000000    145.000000  0.126139
50.000000    150.000000  0.140436
50.000000    155.000000  0.151143
50.000000    160.000000  0.159221
50.000000    165.000000  0.165121
50.000000    170.000000  0.169061
50.000000    175.000000  0.171077
50.000000    180.000000  0.171002
55.000000    0.000000  0.071028
55.000000    5.000000  0.070277
55.000000    10.000000  0.069026
55.000000    15.000000  0.067278
55.000000    20.000000  0.065036
55.000000    25.000000  0.062304
55.000000    30.000000  0.078418
55.000000    35.000000  0.090332
55.000000    40.000000  0.099074
55.000000    45.000000  0.105659
55.000000    50.000000  0.110657
55.000000    55.000000  0.114456
55.000000    60.000000  0.117146
55.000000    65.000000  0.119019
55.000000    70.000000  0.120157
55.000000    75.000000  0.120630
55.000000    80.000000  0.120486
55.000000    85.000000  0.119806
55.000000    90.000000  0.122468
55.000000    95.000000  0.124614
55.000000    100.000000  0.126265
55.000000    105.000000  0.127435
55.000000    110.000000  0.128133
55.000000    115.000000  0.128365
55.000000    120.000000  0.128133
55.000000    125.000000  0.127435
55.000000    130.000000  0.126265
55.000000    135.000000  0.124614
55.000000    140.000000  0.122467
55.000000    145.000000  0.119805
55.000000    150.000000  0.134726
55.000000    155.000000  0.148300
55.000000    160.000000  0.158072
55.000000    165.000000  0.165064
55.000000    170.000000  0.169744
55.000000    175.000000  0.172327
55.000000    180.000000  0.172826
60.000000    0.000000  0.071531
60.000000    5.000000  0.071279
60.000000    10.000000  0.070526
60.000000    15.000000  0.069272
60.000000    20.000000  0.067518
60.000000    25.000000  0.065269
60.000000    30.000000  0.062528
60.000000    35.000000  0.079036
60.000000    40.000000  0.091701
60.000000    45.000000  0.101272
60.000000    50.000000  0.108663
60.000000    55.000000  0.114409
60.000000    60.000000  0.118900
60.000000    65.000000  0.122210
60.000000    70.000000  0.124658
60.000000    75.000000  0.126327
60.000000    80.000000  0.127295
60.000000    85.000000  0.127616
60.000000    90.000000  0.127374
60.000000    95.000000  0.130139
60.000000    100.000000  0.132361
60.000000    105.000000  0.134065
60.000000    110.000000  0.135270
60.000000    115.000000  0.135987
60.000000    120.000000  0.136226
60.000000    125.000000  0.135987
60.000000    130.000000  0.135269
60.000000    135.000000  0.134064
60.000000    140.000000  0.132360
60.000000    145.000000  0.130138
60.000000    150.000000  0.127373
60.000000    155.000000  0.141819
60.000000    160.000000  0.154517
60.000000    165.000000  0.163186
60.000000    170.000000  0.168930
60.000000    175.000000  0.172255
60.000000    180.000000  0.173375
65.000000    0.000000  0.071025
65.000000    5.000000  0.071276
65.000000    10.000000  0.071025
65.000000    15.000000  0.070275
65.000000    20.000000  0.069025
65.000000    25.000000  0.067277
65.000000    30.000000  0.065035
65.000000    35.000000  0.062304
65.000000    40.000000  0.079118
65.000000    45.000000  0.092382
65.000000    50.000000  0.102644
65.000000    55.000000  0.110730
65.000000    60.000000  0.117142
65.000000    65.000000  0.122263
65.000000    70.000000  0.126151
65.000000    75.000000  0.129146
65.000000    80.000000  0.131329
65.000000    85.000000  0.132782
65.000000    90.000000  0.133565
65.000000    95.000000  0.133760
65.000000    100.000000  0.136622
65.000000    105.000000  0.138914
65.000000    110.000000  0.140667
65.000000    115.000000  0.141905
65.000000    120.000000  0.142641
65.000000    125.000000  0.142886
65.000000    130.000000  0.142641
65.000000    135.000000  0.141904
65.000000    140.000000  0.140667
65.000000    145.000000  0.138913
65.000000    150.000000  0.136621
65.000000    155.000000  0.133759
65.000000    160.000000  0.147613
65.000000    165.000000  0.159224
65.000000    170.000000  0.166570
65.000000    175.000000  0.170873
65.000000    180.000000  0.172682
70.000000    0.000000  0.069521
70.000000    5.000000  0.070264
70.000000    10.000000  0.070512
70.000000    15.000000  0.070264
70.000000    20.000000  0.069521
70.000000    25.000000  0.068284
70.000000    30.000000  0.066554
70.000000    35.000000  0.064334
70.000000    40.000000  0.061632
70.000000    45.000000  0.078699
70.000000    50.000000  0.092459
70.000000    55.000000  0.103309
70.000000    60.000000  0.112005
70.000000    65.000000  0.119015
70.000000    70.000000  0.124714
70.000000    75.000000  0.129145
70.000000    80.000000  0.132660
70.000000    85.000000  0.135338
70.000000    90.000000  0.137266
70.000000    95.000000  0.138506
70.000000    100.000000  0.139138
70.000000    105.000000  0.142085
70.000000    110.000000  0.144440
70.000000    115.000000  0.146236
70.000000    120.000000  0.147502
70.000000    125.000000  0.148255
70.000000    130.000000  0.148505
70.000000    135.000000  0.148255
70.000000    140.000000  0.147502
70.000000    145.000000  0.146236
70.000000    150.000000  0.144439
70.000000    155.000000  0.142085
70.000000    160.000000  0.139137
70.000000    165.000000  0.152202
70.000000    170.000000  0.162409
70.000000    175.000000  0.168127
70.000000    180.000000  0.170737
75.000000    0.000000  0.067042
75.000000    5.000000  0.068259
75.000000    10.000000  0.068989
75.000000    15.000000  0.069233
75.000000    20.000000  0.068990
75.000000    25.000000  0.068259
75.000000    30.000000  0.067043
75.000000    35.000000  0.065342
75.000000    40.000000  0.063161
75.000000    45.000000  0.060505
75.000000    50.000000  0.077796
75.000000    55.000000  0.091981
75.000000    60.000000  0.103345
75.000000    65.000000  0.112583
75.000000    70.000000  0.120136
75.000000    75.000000  0.126368
75.000000    80.000000  0.131309
75.000000    85.000000  0.135320
75.000000    90.000000  0.138477
75.000000    95.000000  0.140870
75.000000    100.000000  0.142562
75.000000    105.000000  0.143629
75.000000    110.000000  0.146648
75.000000    115.000000  0.149054
75.000000    120.000000  0.150886
75.000000    125.000000  0.152175
75.000000    130.000000  0.152941
75.000000    135.000000  0.153195
75.000000    140.000000  0.152941
75.000000    145.000000  0.152175
75.000000    150.000000  0.150886
75.000000    155.000000  0.149053
75.000000    160.000000  0.146647
75.000000    165.000000  0.143628
75.000000    170.000000  0.155541
75.000000    175.000000  0.163830
75.000000    180.000000  0.167487
80.000000    0.000000  0.063627
80.000000    5.000000  0.065286
80.000000    10.000000  0.066472
80.000000    15.000000  0.067185
80.000000    20.000000  0.067423
80.000000    25.000000  0.067185
80.000000    30.000000  0.066473
80.000000    35.000000  0.065286
80.000000    40.000000  0.063628
80.000000    45.000000  0.061501
80.000000    50.000000  0.058910
80.000000    55.000000  0.076415
80.000000    60.000000  0.090976
80.000000    65.000000  0.102795
80.000000    70.000000  0.112521
80.000000    75.000000  0.120571
80.000000    80.000000  0.127300
80.000000    85.000000  0.132723
80.000000    90.000000  0.137208
80.000000    95.000000  0.140830
80.000000    100.000000  0.143678
80.000000    105.000000  0.145817
80.000000    110.000000  0.147319
80.000000    115.000000  0.150394
80.000000    120.000000  0.152839
80.000000    125.000000  0.154697
80.000000    130.000000  0.156003
80.000000    135.000000  0.156778
80.000000    140.000000  0.157034
80.000000    145.000000  0.156777
80.000000    150.000000  0.156003
80.000000    155.000000  0.154697
80.000000    160.000000  0.152838
80.000000    165.000000  0.150394
80.000000    170.000000  0.147318
80.000000    175.000000  0.157295
80.000000    180.000000  0.162775
85.000000    0.000000  0.059271
85.000000    5.000000  0.061325
85.000000    10.000000  0.062927
85.000000    15.000000  0.064073
85.000000    20.000000  0.064762
85.000000    25.000000  0.064991
85.000000    30.000000  0.064762
85.000000    35.000000  0.064074
85.000000    40.000000  0.062928
85.000000    45.000000  0.061326
85.000000    50.000000  0.059271
85.000000    55.000000  0.056770
85.000000    60.000000  0.074489
85.000000    65.000000  0.089401
85.000000    70.000000  0.101636
85.000000    75.000000  0.111811
85.000000    80.000000  0.120322
85.000000    85.000000  0.127516
85.000000    90.000000  0.133399
85.000000    95.000000  0.138342
85.000000    100.000000  0.142417
85.000000    105.000000  0.145714
85.000000    110.000000  0.148300
85.000000    115.000000  0.150248
85.000000    120.000000  0.153359
85.000000    125.000000  0.155825
85.000000    130.000000  0.157698
85.000000    135.000000  0.159011
85.000000    140.000000  0.159789
85.000000    145.000000  0.160047
85.000000    150.000000  0.159789
85.000000    155.000000  0.159011
85.000000    160.000000  0.157697
85.000000    165.000000  0.155825
85.000000    170.000000  0.153358
85.000000    175.000000  0.150247
85.000000    180.000000  0.156076
90.000000    0.000000  0.054598
90.000000    5.000000  0.057013
90.000000    10.000000  0.058997
90.000000    15.000000  0.060545
90.000000    20.000000  0.061653
90.000000    25.000000  0.062318
90.000000    30.000000  0.062540
90.000000    35.000000  0.062318
90.000000    40.000000  0.061653
90.000000    45.000000  0.060545
90.000000    50.000000  0.058998
90.000000    55.000000  0.057014
90.000000    60.000000  0.054598
90.000000    65.000000  0.072506
90.000000    70.000000  0.087741
90.000000    75.000000  0.100369
90.000000    80.000000  0.110971
90.000000    85.000000  0.119921
90.000000    90.000000  0.127560
90.000000    95.000000  0.133881
90.000000    100.000000  0.139261
90.000000    105.000000  0.143768
90.000000    110.000000  0.147494
90.000000    115.000000  0.150507
90.000000    120.000000  0.152947
90.000000    125.000000  0.156097
90.000000    130.000000  0.158592
90.000000    135.000000  0.160482
90.000000    140.000000  0.161806
90.000000    145.000000  0.162590
90.000000    150.000000  0.162850
90.000000    155.000000  0.162590
90.000000    160.000000  0.161805
90.000000    165.000000  0.160481
90.000000    170.000000  0.158591
90.000000    175.000000  0.156097
90.000000    180.000000  0.152946
95.000000    0.000000  0.059271
95.000000    5.000000  0.057013
95.000000    10.000000  0.059529
95.000000    15.000000  0.061595
95.000000    20.000000  0.063207
95.000000    25.000000  0.064360
95.000000    30.000000  0.065052
95.000000    35.000000  0.065283
95.000000    40.000000  0.065052
95.000000    45.000000  0.064360
95.000000    50.000000  0.063207
95.000000    55.000000  0.061596
95.000000    60.000000  0.059529
95.000000    65.000000  0.057014
95.000000    70.000000  0.074871
95.000000    75.000000  0.090134
95.000000    80.000000  0.102836
95.000000    85.000000  0.113534
95.000000    90.000000  0.122588
95.000000    95.000000  0.130332
95.000000    100.000000  0.136748
95.000000    105.000000  0.142214
95.000000    110.000000  0.146794
95.000000    115.000000  0.150578
95.000000    120.000000  0.153631
95.000000    125.000000  0.156098
95.000000    130.000000  0.159379
95.000000    135.000000  0.161979
95.000000    140.000000  0.163950
95.000000    145.000000  0.165332
95.000000    150.000000  0.166150
95.000000    155.000000  0.166421
95.000000    160.000000  0.166150
95.000000    165.000000  0.165331
95.000000    170.000000  0.163950
95.000000    175.000000  0.161978
95.000000    180.000000  0.159378
100.000000    0.000000  0.063627
100.000000    5.000000  0.061325
100.000000    10.000000  0.058997
100.000000    15.000000  0.061595
100.000000    20.000000  0.063729
100.000000    25.000000  0.065392
100.000000    30.000000  0.066582
100.000000    35.000000  0.067297
100.000000    40.000000  0.067536
100.000000    45.000000  0.067297
100.000000    50.000000  0.066583
100.000000    55.000000  0.065393
100.000000    60.000000  0.063729
100.000000    65.000000  0.061596
100.000000    70.000000  0.058998
100.000000    75.000000  0.076811
100.000000    80.000000  0.092090
100.000000    85.000000  0.104843
100.000000    90.000000  0.115609
100.000000    95.000000  0.124739
100.000000    100.000000  0.132559
100.000000    105.000000  0.139045
100.000000    110.000000  0.144573
100.000000    115.000000  0.149205
100.000000    120.000000  0.153029
100.000000    125.000000  0.156110
100.000000    130.000000  0.158592
100.000000    135.000000  0.161979
100.000000    140.000000  0.164664
100.000000    145.000000  0.166701
100.000000    150.000000  0.168129
100.000000    155.000000  0.168975
100.000000    160.000000  0.169255
100.000000    165.000000  0.168975
100.000000    170.000000  0.168129
100.000000    175.000000  0.166701
100.000000    180.000000  0.164664
105.000000    0.000000  0.067042
105.000000    5.000000  0.065286
105.000000    10.000000  0.062927
105.000000    15.000000  0.060545
105.000000    20.000000  0.063207
105.000000    25.000000  0.065392
105.000000    30.000000  0.067096
105.000000    35.000000  0.068315
105.000000    40.000000  0.069047
105.000000    45.000000  0.069291
105.000000    50.000000  0.069047
105.000000    55.000000  0.068315
105.000000    60.000000  0.067097
105.000000    65.000000  0.065393
105.000000    70.000000  0.063207
105.000000    75.000000  0.060546
105.000000    80.000000  0.078322
105.000000    85.000000  0.093609
105.000000    90.000000  0.106396
105.000000    95.000000  0.117210
105.000000    100.000000  0.126393
105.000000    105.000000  0.134268
105.000000    110.000000  0.140802
105.000000    115.000000  0.146374
105.000000    120.000000  0.151042
105.000000    125.000000  0.154894
105.000000    130.000000  0.157991
105.000000    135.000000  0.160482
105.000000    140.000000  0.163951
105.000000    145.000000  0.166701
105.000000    150.000000  0.168788
105.000000    155.000000  0.170252
105.000000    160.000000  0.171119
105.000000    165.000000  0.171406
105.000000    170.000000  0.171119
105.000000    175.000000  0.170251
105.000000    180.000000  0.168788
110.000000    0.000000  0.069521
110.000000    5.000000  0.068259
110.000000    10.000000  0.066472
110.000000    15.000000  0.064073
110.000000    20.000000  0.061653
110.000000    25.000000  0.064360
110.000000    30.000000  0.066582
110.000000    35.000000  0.068315
110.000000    40.000000  0.069555
110.000000    45.000000  0.070299
110.000000    50.000000  0.070547
110.000000    55.000000  0.070299
110.000000    60.000000  0.069555
110.000000    65.000000  0.068316
110.000000    70.000000  0.066583
110.000000    75.000000  0.064360
110.000000    80.000000  0.061653
110.000000    85.000000  0.079402
110.000000    90.000000  0.094693
110.000000    95.000000  0.107502
110.000000    100.000000  0.118347
110.000000    105.000000  0.127565
110.000000    110.000000  0.135476
110.000000    115.000000  0.142042
110.000000    120.000000  0.147643
110.000000    125.000000  0.152335
110.000000    130.000000  0.156203
110.000000    135.000000  0.159311
110.000000    140.000000  0.161807
110.000000    145.000000  0.165332
110.000000    150.000000  0.168129
110.000000    155.000000  0.170252
110.000000    160.000000  0.171741
110.000000    165.000000  0.172623
110.000000    170.000000  0.172915
110.000000    175.000000  0.172623
110.000000    180.000000  0.171740
115.000000    0.000000  0.071025
115.000000    5.000000  0.070264
115.000000    10.000000  0.068989
115.000000    15.000000  0.067185
115.000000    20.000000  0.064762
115.000000    25.000000  0.062318
115.000000    30.000000  0.065052
115.000000    35.000000  0.067297
115.000000    40.000000  0.069047
115.000000    45.000000  0.070299
115.000000    50.000000  0.071051
115.000000    55.000000  0.071301
115.000000    60.000000  0.071051
115.000000    65.000000  0.070299
115.000000    70.000000  0.069048
115.000000    75.000000  0.067298
115.000000    80.000000  0.065053
115.000000    85.000000  0.062319
115.000000    90.000000  0.080051
115.000000    95.000000  0.095343
115.000000    100.000000  0.108164
115.000000    105.000000  0.119027
115.000000    110.000000  0.128265
115.000000    115.000000  0.136195
115.000000    120.000000  0.142780
115.000000    125.000000  0.148397
115.000000    130.000000  0.153102
115.000000    135.000000  0.156981
115.000000    140.000000  0.160094
115.000000    145.000000  0.162591
115.000000    150.000000  0.166151
115.000000    155.000000  0.168976
115.000000    160.000000  0.171119
115.000000    165.000000  0.172623
115.000000    170.000000  0.173515
115.000000    175.000000  0.173810
115.000000    180.000000  0.173515
120.000000    0.000000  0.071531
120.000000    5.000000  0.071276
120.000000    10.000000  0.070512
120.000000    15.000000  0.069233
120.000000    20.000000  0.067423
120.000000    25.000000  0.064991
120.000000    30.000000  0.062540
120.000000    35.000000  0.065283
120.000000    40.000000  0.067536
120.000000    45.000000  0.069291
120.000000    50.000000  0.070547
120.000000    55.000000  0.071301
120.000000    60.000000  0.071553
120.000000    65.000000  0.071302
120.000000    70.000000  0.070548
120.000000    75.000000  0.069292
120.000000    80.000000  0.067536
120.000000    85.000000  0.065284
120.000000    90.000000  0.062541
120.000000    95.000000  0.080267
120.000000    100.000000  0.095560
120.000000    105.000000  0.108385
120.000000    110.000000  0.119253
120.000000    115.000000  0.128497
120.000000    120.000000  0.136435
120.000000    125.000000  0.143025
120.000000    130.000000  0.148648
120.000000    135.000000  0.153357
120.000000    140.000000  0.157238
120.000000    145.000000  0.160353
120.000000    150.000000  0.162851
120.000000    155.000000  0.166422
120.000000    160.000000  0.169256
120.000000    165.000000  0.171407
120.000000    170.000000  0.172916
120.000000    175.000000  0.173810
120.000000    180.000000  0.174107
125.000000    0.000000  0.071028
125.000000    5.000000  0.071279
125.000000    10.000000  0.071025
125.000000    15.000000  0.070264
125.000000    20.000000  0.068990
125.000000    25.000000  0.067185
125.000000    30.000000  0.064762
125.000000    35.000000  0.062318
125.000000    40.000000  0.065052
125.000000    45.000000  0.067297
125.000000    50.000000  0.069047
125.000000    55.000000  0.070299
125.000000    60.000000  0.071051
125.000000    65.000000  0.071302
125.000000    70.000000  0.071051
125.000000    75.000000  0.070299
125.000000    80.000000  0.069048
125.000000    85.000000  0.067298
125.000000    90.000000  0.065053
125.000000    95.000000  0.062319
125.000000    100.000000  0.080051
125.000000    105.000000  0.095343
125.000000    110.000000  0.108164
125.000000    115.000000  0.119027
125.000000    120.000000  0.128265
125.000000    125.000000  0.136196
125.000000    130.000000  0.142780
125.000000    135.000000  0.148397
125.000000    140.000000  0.153102
125.000000    145.000000  0.156981
125.000000    150.000000  0.160094
125.000000    155.000000  0.162591
125.000000    160.000000  0.166151
125.000000    165.000000  0.168976
125.000000    170.000000  0.171120
125.000000    175.000000  0.172623
125.000000    180.000000  0.173515
130.000000    0.000000  0.069528
130.000000    5.000000  0.070277
130.000000    10.000000  0.070526
130.000000    15.000000  0.070275
130.000000    20.000000  0.069521
130.000000    25.000000  0.068259
130.000000    30.000000  0.066473
130.000000    35.000000  0.064074
130.000000    40.000000  0.061653
130.000000    45.000000  0.064360
130.000000    50.000000  0.066583
130.000000    55.000000  0.068315
130.000000    60.000000  0.069555
130.000000    65.000000  0.070299
130.000000    70.000000  0.070548
130.000000    75.000000  0.070299
130.000000    80.000000  0.069555
130.000000    85.000000  0.068316
130.000000    90.000000  0.066583
130.000000    95.000000  0.064361
130.000000    100.000000  0.061654
130.000000    105.000000  0.079403
130.000000    110.000000  0.094693
130.000000    115.000000  0.107502
130.000000    120.000000  0.118348
130.000000    125.000000  0.127565
130.000000    130.000000  0.135476
130.000000    135.000000  0.142042
130.000000    140.000000  0.147643
130.000000    145.000000  0.152335
130.000000    150.000000  0.156204
130.000000    155.000000  0.159312
130.000000    160.000000  0.161807
130.000000    165.000000  0.165333
130.000000    170.000000  0.168130
130.000000    175.000000  0.170252
130.000000    180.000000  0.171741
135.000000    0.000000  0.067062
135.000000    5.000000  0.068290
135.000000    10.000000  0.069026
135.000000    15.000000  0.069272
135.000000    20.000000  0.069025
135.000000    25.000000  0.068284
135.000000    30.000000  0.067043
135.000000    35.000000  0.065286
135.000000    40.000000  0.062928
135.000000    45.000000  0.060545
135.000000    50.000000  0.063207
135.000000    55.000000  0.065393
135.000000    60.000000  0.067097
135.000000    65.000000  0.068316
135.000000    70.000000  0.069048
135.000000    75.000000  0.069292
135.000000    80.000000  0.069048
135.000000    85.000000  0.068316
135.000000    90.000000  0.067097
135.000000    95.000000  0.065393
135.000000    100.000000  0.063208
135.000000    105.000000  0.060546
135.000000    110.000000  0.078322
135.000000    115.000000  0.093609
135.000000    120.000000  0.106397
135.000000    125.000000  0.117211
135.000000    130.000000  0.126393
135.000000    135.000000  0.134268
135.000000    140.000000  0.140802
135.000000    145.000000  0.146375
135.000000    150.000000  0.151043
135.000000    155.000000  0.154894
135.000000    160.000000  0.157992
135.000000    165.000000  0.160483
135.000000    170.000000  0.163951
135.000000    175.000000  0.166702
135.000000    180.000000  0.168789
140.000000    0.000000  0.063682
140.000000    5.000000  0.065360
140.000000    10.000000  0.066559
140.000000    15.000000  0.067278
140.000000    20.000000  0.067518
140.000000    25.000000  0.067277
140.000000    30.000000  0.066554
140.000000    35.000000  0.065342
140.000000    40.000000  0.063628
140.000000    45.000000  0.061326
140.000000    50.000000  0.058998
140.000000    55.000000  0.061596
140.000000    60.000000  0.063729
140.000000    65.000000  0.065393
140.000000    70.000000  0.066583
140.000000    75.000000  0.067298
140.000000    80.000000  0.067536
140.000000    85.000000  0.067298
140.000000    90.000000  0.066583
140.000000    95.000000  0.065393
140.000000    100.000000  0.063730
140.000000    105.000000  0.061596
140.000000    110.000000  0.058999
140.000000    115.000000  0.076811
140.000000    120.000000  0.092090
140.000000    125.000000  0.104843
140.000000    130.000000  0.115610
140.000000    135.000000  0.124739
140.000000    140.000000  0.132560
140.000000    145.000000  0.139045
140.000000    150.000000  0.144574
140.000000    155.000000  0.149206
140.000000    160.000000  0.153030
140.000000    165.000000  0.156111
140.000000    170.000000  0.158593
140.000000    175.000000  0.161980
140.000000    180.000000  0.164665
145.000000    0.000000  0.059452
145.000000    5.000000  0.061551
145.000000    10.000000  0.063177
145.000000    15.000000  0.064338
145.000000    20.000000  0.065036
145.000000    25.000000  0.065269
145.000000    30.000000  0.065035
145.000000    35.000000  0.064334
145.000000    40.000000  0.063161
145.000000    45.000000  0.061501
145.000000    50.000000  0.059271
145.000000    55.000000  0.057014
145.000000    60.000000  0.059529
145.000000    65.000000  0.061596
145.000000    70.000000  0.063207
145.000000    75.000000  0.064360
145.000000    80.000000  0.065053
145.000000    85.000000  0.065284
145.000000    90.000000  0.065053
145.000000    95.000000  0.064361
145.000000    100.000000  0.063208
145.000000    105.000000  0.061596
145.000000    110.000000  0.059530
145.000000    115.000000  0.057014
145.000000    120.000000  0.074871
145.000000    125.000000  0.090135
145.000000    130.000000  0.102837
145.000000    135.000000  0.113534
145.000000    140.000000  0.122589
145.000000    145.000000  0.130333
145.000000    150.000000  0.136749
145.000000    155.000000  0.142215
145.000000    160.000000  0.146795
145.000000    165.000000  0.150578
145.000000    170.000000  0.153632
145.000000    175.000000  0.156099
145.000000    180.000000  0.159380
150.000000    0.000000  0.054632
150.000000    5.000000  0.056941
150.000000    10.000000  0.058957
150.000000    15.000000  0.060519
150.000000    20.000000  0.061634
150.000000    25.000000  0.062304
150.000000    30.000000  0.062528
150.000000    35.000000  0.062304
150.000000    40.000000  0.061632
150.000000    45.000000  0.060505
150.000000    50.000000  0.058910
150.000000    55.000000  0.056770
150.000000    60.000000  0.054598
150.000000    65.000000  0.057014
150.000000    70.000000  0.058998
150.000000    75.000000  0.060546
150.000000    80.000000  0.061653
150.000000    85.000000  0.062319
150.000000    90.000000  0.062541
150.000000    95.000000  0.062319
150.000000    100.000000  0.061654
150.000000    105.000000  0.060546
150.000000    110.000000  0.058999
150.000000    115.000000  0.057014
150.000000    120.000000  0.054599
150.000000    125.000000  0.072507
150.000000    130.000000  0.087741
150.000000    135.000000  0.100370
150.000000    140.000000  0.110972
150.000000    145.000000  0.119922
150.000000    150.000000  0.127561
150.000000    155.000000  0.133882
150.000000    160.000000  0.139262
150.000000    165.000000  0.143769
150.000000    170.000000  0.147495
150.000000    175.000000  0.150508
150.000000    180.000000  0.152948
155.000000    0.000000  0.059588
155.000000    5.000000  0.057075
155.000000    10.000000  0.067336
155.000000    15.000000  0.072308
155.000000    20.000000  0.075272
155.000000    25.000000  0.077192
155.000000    30.000000  0.078418
155.000000    35.000000  0.079036
155.000000    40.000000  0.079118
155.000000    45.000000  0.078699
155.000000    50.000000  0.077796
155.000000    55.000000  0.076415
155.000000    60.000000  0.074489
155.000000    65.000000  0.072506
155.000000    70.000000  0.074871
155.000000    75.000000  0.076811
155.000000    80.000000  0.078322
155.000000    85.000000  0.079402
155.000000    90.000000  0.080051
155.000000    95.000000  0.080267
155.000000    100.000000  0.080051
155.000000    105.000000  0.079403
155.000000    110.000000  0.078322
155.000000    115.000000  0.076811
155.000000    120.000000  0.074871
155.000000    125.000000  0.072507
155.000000    130.000000  0.090380
155.000000    135.000000  0.105455
155.000000    140.000000  0.117839
155.000000    145.000000  0.128127
155.000000    150.000000  0.136700
155.000000    155.000000  0.143883
155.000000    160.000000  0.149643
155.000000    165.000000  0.154277
155.000000    170.000000  0.157704
155.000000    175.000000  0.159628
155.000000    180.000000  0.158818
160.000000    0.000000  0.063828
160.000000    5.000000  0.061695
160.000000    10.000000  0.059098
160.000000    15.000000  0.072299
160.000000    20.000000  0.080024
160.000000    25.000000  0.084880
160.000000    30.000000  0.088119
160.000000    35.000000  0.090332
160.000000    40.000000  0.091701
160.000000    45.000000  0.092382
160.000000    50.000000  0.092459
160.000000    55.000000  0.091981
160.000000    60.000000  0.090976
160.000000    65.000000  0.089401
160.000000    70.000000  0.087741
160.000000    75.000000  0.090134
160.000000    80.000000  0.092090
160.000000    85.000000  0.093609
160.000000    90.000000  0.094693
160.000000    95.000000  0.095343
160.000000    100.000000  0.095560
160.000000    105.000000  0.095343
160.000000    110.000000  0.094693
160.000000    115.000000  0.093609
160.000000    120.000000  0.092090
160.000000    125.000000  0.090135
160.000000    130.000000  0.087741
160.000000    135.000000  0.105455
160.000000    140.000000  0.120190
160.000000    145.000000  0.132096
160.000000    150.000000  0.141788
160.000000    155.000000  0.149642
160.000000    160.000000  0.155952
160.000000    165.000000  0.160634
160.000000    170.000000  0.163875
160.000000    175.000000  0.165402
160.000000    180.000000  0.164557
165.000000    0.000000  0.067206
165.000000    5.000000  0.065502
165.000000    10.000000  0.063317
165.000000    15.000000  0.060656
165.000000    20.000000  0.075269
165.000000    25.000000  0.084882
165.000000    30.000000  0.091331
165.000000    35.000000  0.095838
165.000000    40.000000  0.099074
165.000000    45.000000  0.101272
165.000000    50.000000  0.102644
165.000000    55.000000  0.103309
165.000000    60.000000  0.103345
165.000000    65.000000  0.102795
165.000000    70.000000  0.101636
165.000000    75.000000  0.100369
165.000000    80.000000  0.102836
165.000000    85.000000  0.104843
165.000000    90.000000  0.106396
165.000000    95.000000  0.107502
165.000000    100.000000  0.108164
165.000000    105.000000  0.108385
165.000000    110.000000  0.108164
165.000000    115.000000  0.107502
165.000000    120.000000  0.106397
165.000000    125.000000  0.104843
165.000000    130.000000  0.102837
165.000000    135.000000  0.100370
165.000000    140.000000  0.117839
165.000000    145.000000  0.132096
165.000000    150.000000  0.143355
165.000000    155.000000  0.152258
165.000000    160.000000  0.159178
165.000000    165.000000  0.164384
165.000000    170.000000  0.167748
165.000000    175.000000  0.169365
165.000000    180.000000  0.168837
170.000000    0.000000  0.069668
170.000000    5.000000  0.068429
170.000000    10.000000  0.066696
170.000000    15.000000  0.064474
170.000000    20.000000  0.061767
170.000000    25.000000  0.077201
170.000000    30.000000  0.088143
170.000000    35.000000  0.095865
170.000000    40.000000  0.101476
170.000000    45.000000  0.105659
170.000000    50.000000  0.108663
170.000000    55.000000  0.110730
170.000000    60.000000  0.112005
170.000000    65.000000  0.112583
170.000000    70.000000  0.112521
170.000000    75.000000  0.111811
170.000000    80.000000  0.110971
170.000000    85.000000  0.113534
170.000000    90.000000  0.115609
170.000000    95.000000  0.117210
170.000000    100.000000  0.118347
170.000000    105.000000  0.119027
170.000000    110.000000  0.119253
170.000000    115.000000  0.119027
170.000000    120.000000  0.118348
170.000000    125.000000  0.117211
170.000000    130.000000  0.115610
170.000000    135.000000  0.113534
170.000000    140.000000  0.110972
170.000000    145.000000  0.128127
170.000000    150.000000  0.141788
170.000000    155.000000  0.152258
170.000000    160.000000  0.160218
170.000000    165.000000  0.166053
170.000000    170.000000  0.170009
170.000000    175.000000  0.171936
170.000000    180.000000  0.171861
175.000000    0.000000  0.071166
175.000000    5.000000  0.070414
175.000000    10.000000  0.069162
175.000000    15.000000  0.067412
175.000000    20.000000  0.065167
175.000000    25.000000  0.062433
175.000000    30.000000  0.078416
175.000000    35.000000  0.090336
175.000000    40.000000  0.099076
175.000000    45.000000  0.105629
175.000000    50.000000  0.110657
175.000000    55.000000  0.114409
175.000000    60.000000  0.117142
175.000000    65.000000  0.119015
175.000000    70.000000  0.120136
175.000000    75.000000  0.120571
175.000000    80.000000  0.120322
175.000000    85.000000  0.119921
175.000000    90.000000  0.122588
175.000000    95.000000  0.124739
175.000000    100.000000  0.126393
175.000000    105.000000  0.127565
175.000000    110.000000  0.128265
175.000000    115.000000  0.128497
175.000000    120.000000  0.128265
175.000000    125.000000  0.127565
175.000000    130.000000  0.126393
175.000000    135.000000  0.124739
175.000000    140.000000  0.122589
175.000000    145.000000  0.119922
175.000000    150.000000  0.136700
175.000000    155.000000  0.149642
175.000000    160.000000  0.159178
175.000000    165.000000  0.166053
175.000000    170.000000  0.170669
175.000000    175.000000  0.173266
175.000000    180.000000  0.173682
180.000000    0.000000  0.071672
180.000000    5.000000  0.071421
180.000000    10.000000  0.070666
180.000000    15.000000  0.069410
180.000000    20.000000  0.067654
180.000000    25.000000  0.065402
180.000000    30.000000  0.062658
180.000000    35.000000  0.079037
180.000000    40.000000  0.091722
180.000000    45.000000  0.101303
180.000000    50.000000  0.108672
180.000000    55.000000  0.114456
180.000000    60.000000  0.118900
180.000000    65.000000  0.122263
180.000000    70.000000  0.124714
180.000000    75.000000  0.126368
180.000000    80.000000  0.127300
180.000000    85.000000  0.127516
180.000000    90.000000  0.127560
180.000000    95.000000  0.130332
180.000000    100.000000  0.132559
180.000000    105.000000  0.134268
180.000000    110.000000  0.135476
180.000000    115.000000  0.136195
180.000000    120.000000  0.136435
180.000000    125.000000  0.136196
180.000000    130.000000  0.135476
180.000000    135.000000  0.134268
180.000000    140.000000  0.132560
180.000000    145.000000  0.130333
180.000000    150.000000  0.127561
180.000000    155.000000  0.143883
180.000000    160.000000  0.155952
180.000000    165.000000  0.164384
180.000000    170.000000  0.170009
180.000000    175.000000  0.173266
180.000000    180.000000  0.174392
185.000000    0.000000  0.071166
185.000000    5.000000  0.071416
185.000000    10.000000  0.071166
185.000000    15.000000  0.070414
185.000000    20.000000  0.069162
185.000000    25.000000  0.067412
185.000000    30.000000  0.065167
185.000000    35.000000  0.062433
185.000000    40.000000  0.079115
185.000000    45.000000  0.092387
185.000000    50.000000  0.102648
185.000000    55.000000  0.110703
185.000000    60.000000  0.117146
185.000000    65.000000  0.122210
185.000000    70.000000  0.126151
185.000000    75.000000  0.129145
185.000000    80.000000  0.131309
185.000000    85.000000  0.132723
185.000000    90.000000  0.133399
185.000000    95.000000  0.133881
185.000000    100.000000  0.136748
185.000000    105.000000  0.139045
185.000000    110.000000  0.140802
185.000000    115.000000  0.142042
185.000000    120.000000  0.142780
185.000000    125.000000  0.143025
185.000000    130.000000  0.142780
185.000000    135.000000  0.142042
185.000000    140.000000  0.140802
185.000000    145.000000  0.139045
185.000000    150.000000  0.136749
185.000000    155.000000  0.133882
185.000000    160.000000  0.149643
185.000000    165.000000  0.160634
185.000000    170.000000  0.167748
185.000000    175.000000  0.171936
185.000000    180.000000  0.173682
190.000000    0.000000  0.069668
190.000000    5.000000  0.070412
190.000000    10.000000  0.070661
190.000000    15.000000  0.070412
190.000000    20.000000  0.069668
190.000000    25.000000  0.068429
190.000000    30.000000  0.066696
190.000000    35.000000  0.064474
190.000000    40.000000  0.061767
190.000000    45.000000  0.078698
190.000000    50.000000  0.092463
190.000000    55.000000  0.103312
190.000000    60.000000  0.111977
190.000000    65.000000  0.119019
190.000000    70.000000  0.124658
190.000000    75.000000  0.129146
190.000000    80.000000  0.132660
190.000000    85.000000  0.135320
190.000000    90.000000  0.137208
190.000000    95.000000  0.138342
190.000000    100.000000  0.139261
190.000000    105.000000  0.142214
190.000000    110.000000  0.144573
190.000000    115.000000  0.146374
190.000000    120.000000  0.147643
190.000000    125.000000  0.148397
190.000000    130.000000  0.148648
190.000000    135.000000  0.148397
190.000000    140.000000  0.147643
190.000000    145.000000  0.146375
190.000000    150.000000  0.144574
190.000000    155.000000  0.142215
190.000000    160.000000  0.139262
190.000000    165.000000  0.154277
190.000000    170.000000  0.163875
190.000000    175.000000  0.169365
190.000000    180.000000  0.171861
195.000000    0.000000  0.067206
195.000000    5.000000  0.068424
195.000000    10.000000  0.069156
195.000000    15.000000  0.069400
195.000000    20.000000  0.069156
195.000000    25.000000  0.068424
195.000000    30.000000  0.067206
195.000000    35.000000  0.065502
195.000000    40.000000  0.063317
195.000000    45.000000  0.060656
195.000000    50.000000  0.077809
195.000000    55.000000  0.092000
195.000000    60.000000  0.103364
195.000000    65.000000  0.112572
195.000000    70.000000  0.120157
195.000000    75.000000  0.126327
195.000000    80.000000  0.131329
195.000000    85.000000  0.135338
195.000000    90.000000  0.138477
195.000000    95.000000  0.140830
195.000000    100.000000  0.142417
195.000000    105.000000  0.143768
195.000000    110.000000  0.146794
195.000000    115.000000  0.149205
195.000000    120.000000  0.151042
195.000000    125.000000  0.152335
195.000000    130.000000  0.153102
195.000000    135.000000  0.153357
195.000000    140.000000  0.153102
195.000000    145.000000  0.152335
195.000000    150.000000  0.151043
195.000000    155.000000  0.149206
195.000000    160.000000  0.146795
195.000000    165.000000  0.143769
195.000000    170.000000  0.157704
195.000000    175.000000  0.165402
195.000000    180.000000  0.168837
200.000000    0.000000  0.063828
200.000000    5.000000  0.065491
200.000000    10.000000  0.066680
200.000000    15.000000  0.067395
200.000000    20.000000  0.067633
200.000000    25.000000  0.067395
200.000000    30.000000  0.066680
200.000000    35.000000  0.065491
200.000000    40.000000  0.063828
200.000000    45.000000  0.061695
200.000000    50.000000  0.059098
200.000000    55.000000  0.076457
200.000000    60.000000  0.091025
200.000000    65.000000  0.102847
200.000000    70.000000  0.112546
200.000000    75.000000  0.120630
200.000000    80.000000  0.127295
200.000000    85.000000  0.132782
200.000000    90.000000  0.137266
200.000000    95.000000  0.140870
200.000000    100.000000  0.143678
200.000000    105.000000  0.145714
200.000000    110.000000  0.147494
200.000000    115.000000  0.150578
200.000000    120.000000  0.153029
200.000000    125.000000  0.154894
200.000000    130.000000  0.156203
200.000000    135.000000  0.156981
200.000000    140.000000  0.157238
200.000000    145.000000  0.156981
200.000000    150.000000  0.156204
200.000000    155.000000  0.154894
200.000000    160.000000  0.153030
200.000000    165.000000  0.150578
200.000000    170.000000  0.147495
200.000000    175.000000  0.159628
200.000000    180.000000  0.164557
205.000000    0.000000  0.059588
205.000000    5.000000  0.061652
205.000000    10.000000  0.063262
205.000000    15.000000  0.064414
205.000000    20.000000  0.065105
205.000000    25.000000  0.065336
205.000000    30.000000  0.065105
205.000000    35.000000  0.064414
205.000000    40.000000  0.063262
205.000000    45.000000  0.061652
205.000000    50.000000  0.059588
205.000000    55.000000  0.057075
205.000000    60.000000  0.074637
205.000000    65.000000  0.089550
205.000000    70.000000  0.101789
205.000000    75.000000  0.111939
205.000000    80.000000  0.120486
205.000000    85.000000  0.127616
205.000000    90.000000  0.133565
205.000000    95.000000  0.138506
205.000000    100.000000  0.142562
205.000000    105.000000  0.145817
205.000000    110.000000  0.148300
205.000000    115.000000  0.150507
205.000000    120.000000  0.153631
205.000000    125.000000  0.156110
205.000000    130.000000  0.157991
205.000000    135.000000  0.159311
205.000000    140.000000  0.160094
205.000000    145.000000  0.160353
205.000000    150.000000  0.160094
205.000000    155.000000  0.159312
205.000000    160.000000  0.157992
205.000000    165.000000  0.156111
205.000000    170.000000  0.153632
205.000000    175.000000  0.150508
205.000000    180.000000  0.158818
210.000000    0.000000  0.054632
210.000000    5.000000  0.057046
210.000000    10.000000  0.059030
210.000000    15.000000  0.060577
210.000000    20.000000  0.061684
210.000000    25.000000  0.062349
210.000000    30.000000  0.062571
210.000000    35.000000  0.062349
210.000000    40.000000  0.061684
210.000000    45.000000  0.060577
210.000000    50.000000  0.059030
210.000000    55.000000  0.057046
210.000000    60.000000  0.054632
210.000000    65.000000  0.072396
210.000000    70.000000  0.087632
210.000000    75.000000  0.100259
210.000000    80.000000  0.110826
210.000000    85.000000  0.119806
210.000000    90.000000  0.127374
210.000000    95.000000  0.133760
210.000000    100.000000  0.139138
210.000000    105.000000  0.143629
210.000000    110.000000  0.147319
210.000000    115.000000  0.150248
210.000000    120.000000  0.152947
210.000000    125.000000  0.156098
210.000000    130.000000  0.158592
210.000000    135.000000  0.160482
210.000000    140.000000  0.161807
210.000000    145.000000  0.162591
210.000000    150.000000  0.162851
210.000000    155.000000  0.162591
210.000000    160.000000  0.161807
210.000000    165.000000  0.160483
210.000000    170.000000  0.158593
210.000000    175.000000  0.156099
210.000000    180.000000  0.152948
215.000000    0.000000  0.059452
215.000000    5.000000  0.057042
215.000000    10.000000  0.059557
215.000000    15.000000  0.061623
215.000000    20.000000  0.063234
215.000000    25.000000  0.064386
215.000000    30.000000  0.065078
215.000000    35.000000  0.065309
215.000000    40.000000  0.065078
215.000000    45.000000  0.064386
215.000000    50.000000  0.063234
215.000000    55.000000  0.061623
215.000000    60.000000  0.059557
215.000000    65.000000  0.057042
215.000000    70.000000  0.074755
215.000000    75.000000  0.090021
215.000000    80.000000  0.102720
215.000000    85.000000  0.113384
215.000000    90.000000  0.122468
215.000000    95.000000  0.130139
215.000000    100.000000  0.136622
215.000000    105.000000  0.142085
215.000000    110.000000  0.146648
215.000000    115.000000  0.150394
215.000000    120.000000  0.153359
215.000000    125.000000  0.156097
215.000000    130.000000  0.159379
215.000000    135.000000  0.161979
215.000000    140.000000  0.163951
215.000000    145.000000  0.165332
215.000000    150.000000  0.166151
215.000000    155.000000  0.166422
215.000000    160.000000  0.166151
215.000000    165.000000  0.165333
215.000000    170.000000  0.163951
215.000000    175.000000  0.161980
215.000000    180.000000  0.159380
220.000000    0.000000  0.063682
220.000000    5.000000  0.061514
220.000000    10.000000  0.059022
220.000000    15.000000  0.061619
220.000000    20.000000  0.063752
220.000000    25.000000  0.065415
220.000000    30.000000  0.066605
220.000000    35.000000  0.067319
220.000000    40.000000  0.067558
220.000000    45.000000  0.067319
220.000000    50.000000  0.066605
220.000000    55.000000  0.065415
220.000000    60.000000  0.063752
220.000000    65.000000  0.061619
220.000000    70.000000  0.059022
220.000000    75.000000  0.076691
220.000000    80.000000  0.091972
220.000000    85.000000  0.104722
220.000000    90.000000  0.115455
220.000000    95.000000  0.124614
220.000000    100.000000  0.132361
220.000000    105.000000  0.138914
220.000000    110.000000  0.144440
220.000000    115.000000  0.149054
220.000000    120.000000  0.152839
220.000000    125.000000  0.155825
220.000000    130.000000  0.158592
220.000000    135.000000  0.161979
220.000000    140.000000  0.164664
220.000000    145.000000  0.166701
220.000000    150.000000  0.168129
220.000000    155.000000  0.168976
220.000000    160.000000  0.169256
220.000000    165.000000  0.168976
220.000000    170.000000  0.168130
220.000000    175.000000  0.166702
220.000000    180.000000  0.164665
225.000000    0.000000  0.067062
225.000000    5.000000  0.065343
225.000000    10.000000  0.063122
225.000000    15.000000  0.060567
225.000000    20.000000  0.063228
225.000000    25.000000  0.065412
225.000000    30.000000  0.067116
225.000000    35.000000  0.068334
225.000000    40.000000  0.069066
225.000000    45.000000  0.069310
225.000000    50.000000  0.069066
225.000000    55.000000  0.068334
225.000000    60.000000  0.067116
225.000000    65.000000  0.065412
225.000000    70.000000  0.063228
225.000000    75.000000  0.060567
225.000000    80.000000  0.078198
225.000000    85.000000  0.093488
225.000000    90.000000  0.106272
225.000000    95.000000  0.117052
225.000000    100.000000  0.126265
225.000000    105.000000  0.134065
225.000000    110.000000  0.140667
225.000000    115.000000  0.146236
225.000000    120.000000  0.150886
225.000000    125.000000  0.154697
225.000000    130.000000  0.157698
225.000000    135.000000  0.160482
225.000000    140.000000  0.163950
225.000000    145.000000  0.166701
225.000000    150.000000  0.168788
225.000000    155.000000  0.170252
225.000000    160.000000  0.171119
225.000000    165.000000  0.171407
225.000000    170.000000  0.171120
225.000000    175.000000  0.170252
225.000000    180.000000  0.168789
230.000000    0.000000  0.069528
230.000000    5.000000  0.068280
230.000000    10.000000  0.066531
230.000000    15.000000  0.064273
230.000000    20.000000  0.061672
230.000000    25.000000  0.064378
230.000000    30.000000  0.066600
230.000000    35.000000  0.068333
230.000000    40.000000  0.069572
230.000000    45.000000  0.070316
230.000000    50.000000  0.070564
230.000000    55.000000  0.070316
230.000000    60.000000  0.069572
230.000000    65.000000  0.068333
230.000000    70.000000  0.066600
230.000000    75.000000  0.064378
230.000000    80.000000  0.061672
230.000000    85.000000  0.079276
230.000000    90.000000  0.094569
230.000000    95.000000  0.107376
230.000000    100.000000  0.118187
230.000000    105.000000  0.127435
230.000000    110.000000  0.135270
230.000000    115.000000  0.141905
230.000000    120.000000  0.147502
230.000000    125.000000  0.152175
230.000000    130.000000  0.156003
230.000000    135.000000  0.159011
230.000000    140.000000  0.161806
230.000000    145.000000  0.165332
230.000000    150.000000  0.168129
230.000000    155.000000  0.170252
230.000000    160.000000  0.171741
230.000000    165.000000  0.172623
230.000000    170.000000  0.172916
230.000000    175.000000  0.172623
230.000000    180.000000  0.171741
235.000000    0.000000  0.071028
235.000000    5.000000  0.070271
235.000000    10.000000  0.069011
235.000000    15.000000  0.067245
235.000000    20.000000  0.064964
235.000000    25.000000  0.062336
235.000000    30.000000  0.065069
235.000000    35.000000  0.067314
235.000000    40.000000  0.069063
235.000000    45.000000  0.070315
235.000000    50.000000  0.071066
235.000000    55.000000  0.071317
235.000000    60.000000  0.071066
235.000000    65.000000  0.070315
235.000000    70.000000  0.069063
235.000000    75.000000  0.067314
235.000000    80.000000  0.065069
235.000000    85.000000  0.062336
235.000000    90.000000  0.079924
235.000000    95.000000  0.095218
235.000000    100.000000  0.108036
235.000000    105.000000  0.118865
235.000000    110.000000  0.128133
235.000000    115.000000  0.135987
235.000000    120.000000  0.142641
235.000000    125.000000  0.148255
235.000000    130.000000  0.152941
235.000000    135.000000  0.156778
235.000000    140.000000  0.159789
235.000000    145.000000  0.162590
235.000000    150.000000  0.166150
235.000000    155.000000  0.168975
235.000000    160.000000  0.171119
235.000000    165.000000  0.172623
235.000000    170.000000  0.173515
235.000000    175.000000  0.173810
235.000000    180.000000  0.173515
240.000000    0.000000  0.071531
240.000000    5.000000  0.071278
240.000000    10.000000  0.070519
240.000000    15.000000  0.069255
240.000000    20.000000  0.067483
240.000000    25.000000  0.065194
240.000000    30.000000  0.062557
240.000000    35.000000  0.065300
240.000000    40.000000  0.067551
240.000000    45.000000  0.069307
240.000000    50.000000  0.070562
240.000000    55.000000  0.071316
240.000000    60.000000  0.071567
240.000000    65.000000  0.071316
240.000000    70.000000  0.070562
240.000000    75.000000  0.069307
240.000000    80.000000  0.067551
240.000000    85.000000  0.065300
240.000000    90.000000  0.062557
240.000000    95.000000  0.080139
240.000000    100.000000  0.095434
240.000000    105.000000  0.108256
240.000000    110.000000  0.119091
240.000000    115.000000  0.128365
240.000000    120.000000  0.136226
240.000000    125.000000  0.142886
240.000000    130.000000  0.148505
240.000000    135.000000  0.153195
240.000000    140.000000  0.157034
240.000000    145.000000  0.160047
240.000000    150.000000  0.162850
240.000000    155.000000  0.166421
240.000000    160.000000  0.169255
240.000000    165.000000  0.171406
240.000000    170.000000  0.172915
240.000000    175.000000  0.173810
240.000000    180.000000  0.174107
245.000000    0.000000  0.071025
245.000000    5.000000  0.071279
245.000000    10.000000  0.071027
245.000000    15.000000  0.070271
245.000000    20.000000  0.069011
245.000000    25.000000  0.067245
245.000000    30.000000  0.064964
245.000000    35.000000  0.062336
245.000000    40.000000  0.065069
245.000000    45.000000  0.067313
245.000000    50.000000  0.069063
245.000000    55.000000  0.070314
245.000000    60.000000  0.071066
245.000000    65.000000  0.071316
245.000000    70.000000  0.071066
245.000000    75.000000  0.070314
245.000000    80.000000  0.069063
245.000000    85.000000  0.067313
245.000000    90.000000  0.065069
245.000000    95.000000  0.062336
245.000000    100.000000  0.079923
245.000000    105.000000  0.095218
245.000000    110.000000  0.108036
245.000000    115.000000  0.118865
245.000000    120.000000  0.128133
245.000000    125.000000  0.135987
245.000000    130.000000  0.142641
245.000000    135.000000  0.148255
245.000000    140.000000  0.152941
245.000000    145.000000  0.156777
245.000000    150.000000  0.159789
245.000000    155.000000  0.162590
245.000000    160.000000  0.166150
245.000000    165.000000  0.168975
245.000000    170.000000  0.171119
245.000000    175.000000  0.172623
245.000000    180.000000  0.173515
250.000000    0.000000  0.069521
250.000000    5.000000  0.070275
250.000000    10.000000  0.070526
250.000000    15.000000  0.070276
250.000000    20.000000  0.069527
250.000000    25.000000  0.068280
250.000000    30.000000  0.066531
250.000000    35.000000  0.064272
250.000000    40.000000  0.061672
250.000000    45.000000  0.064378
250.000000    50.000000  0.066600
250.000000    55.000000  0.068332
250.000000    60.000000  0.069571
250.000000    65.000000  0.070315
250.000000    70.000000  0.070564
250.000000    75.000000  0.070315
250.000000    80.000000  0.069571
250.000000    85.000000  0.068332
250.000000    90.000000  0.066600
250.000000    95.000000  0.064378
250.000000    100.000000  0.061672
250.000000    105.000000  0.079276
250.000000    110.000000  0.094569
250.000000    115.000000  0.107375
250.000000    120.000000  0.118187
250.000000    125.000000  0.127435
250.000000    130.000000  0.135269
250.000000    135.000000  0.141904
250.000000    140.000000  0.147502
250.000000    145.000000  0.152175
250.000000    150.000000  0.156003
250.000000    155.000000  0.159011
250.000000    160.000000  0.161805
250.000000    165.000000  0.165331
250.000000    170.000000  0.168129
250.000000    175.000000  0.170251
250.000000    180.000000  0.171740
255.000000    0.000000  0.067042
255.000000    5.000000  0.068283
255.000000    10.000000  0.069024
255.000000    15.000000  0.069272
255.000000    20.000000  0.069026
255.000000    25.000000  0.068289
255.000000    30.000000  0.067062
255.000000    35.000000  0.065343
255.000000    40.000000  0.063122
255.000000    45.000000  0.060566
255.000000    50.000000  0.063227
255.000000    55.000000  0.065412
255.000000    60.000000  0.067116
255.000000    65.000000  0.068334
255.000000    70.000000  0.069066
255.000000    75.000000  0.069310
255.000000    80.000000  0.069066
255.000000    85.000000  0.068334
255.000000    90.000000  0.067116
255.000000    95.000000  0.065412
255.000000    100.000000  0.063227
255.000000    105.000000  0.060566
255.000000    110.000000  0.078198
255.000000    115.000000  0.093487
255.000000    120.000000  0.106272
255.000000    125.000000  0.117052
255.000000    130.000000  0.126265
255.000000    135.000000  0.134064
255.000000    140.000000  0.140667
255.000000    145.000000  0.146236
255.000000    150.000000  0.150886
255.000000    155.000000  0.154697
255.000000    160.000000  0.157697
255.000000    165.000000  0.160481
255.000000    170.000000  0.163950
255.000000    175.000000  0.166701
255.000000    180.000000  0.168788
260.000000    0.000000  0.063627
260.000000    5.000000  0.065342
260.000000    10.000000  0.066553
260.000000    15.000000  0.067277
260.000000    20.000000  0.067518
260.000000    25.000000  0.067278
260.000000    30.000000  0.066558
260.000000    35.000000  0.065360
260.000000    40.000000  0.063681
260.000000    45.000000  0.061513
260.000000    50.000000  0.059022
260.000000    55.000000  0.061619
260.000000    60.000000  0.063752
260.000000    65.000000  0.065415
260.000000    70.000000  0.066604
260.000000    75.000000  0.067319
260.000000    80.000000  0.067557
260.000000    85.000000  0.067319
260.000000    90.000000  0.066604
260.000000    95.000000  0.065415
260.000000    100.000000  0.063752
260.000000    105.000000  0.061619
260.000000    110.000000  0.059022
260.000000    115.000000  0.076690
260.000000    120.000000  0.091971
260.000000    125.000000  0.104722
260.000000    130.000000  0.115454
260.000000    135.000000  0.124614
260.000000    140.000000  0.132360
260.000000    145.000000  0.138913
260.000000    150.000000  0.144439
260.000000    155.000000  0.149053
260.000000    160.000000  0.152838
260.000000    165.000000  0.155825
260.000000    170.000000  0.158591
260.000000    175.000000  0.161978
260.000000    180.000000  0.164664
265.000000    0.000000  0.059271
265.000000    5.000000  0.061500
265.000000    10.000000  0.063161
265.000000    15.000000  0.064334
265.000000    20.000000  0.065034
265.000000    25.000000  0.065268
265.000000    30.000000  0.065035
265.000000    35.000000  0.064338
265.000000    40.000000  0.063177
265.000000    45.000000  0.061550
265.000000    50.000000  0.059451
265.000000    55.000000  0.057041
265.000000    60.000000  0.059556
265.000000    65.000000  0.061622
265.000000    70.000000  0.063233
265.000000    75.000000  0.064386
265.000000    80.000000  0.065078
265.000000    85.000000  0.065309
265.000000    90.000000  0.065078
265.000000    95.000000  0.064386
265.000000    100.000000  0.063233
265.000000    105.000000  0.061622
265.000000    110.000000  0.059556
265.000000    115.000000  0.057041
265.000000    120.000000  0.074755
265.000000    125.000000  0.090020
265.000000    130.000000  0.102720
265.000000    135.000000  0.113383
265.000000    140.000000  0.122467
265.000000    145.000000  0.130138
265.000000    150.000000  0.136621
265.000000    155.000000  0.142085
265.000000    160.000000  0.146647
265.000000    165.000000  0.150394
265.000000    170.000000  0.153358
265.000000    175.000000  0.156097
265.000000    180.000000  0.159378
270.000000    0.000000  0.054598
270.000000    5.000000  0.056770
270.000000    10.000000  0.058910
270.000000    15.000000  0.060504
270.000000    20.000000  0.061631
270.000000    25.000000  0.062304
270.000000    30.000000  0.062527
270.000000    35.000000  0.062304
270.000000    40.000000  0.061633
270.000000    45.000000  0.060518
270.000000    50.000000  0.058956
270.000000    55.000000  0.056940
270.000000    60.000000  0.054631
270.000000    65.000000  0.057045
270.000000    70.000000  0.059029
270.000000    75.000000  0.060576
270.000000    80.000000  0.061683
270.000000    85.000000  0.062348
270.000000    90.000000  0.062570
270.000000    95.000000  0.062348
270.000000    100.000000  0.061683
270.000000    105.000000  0.060576
270.000000    110.000000  0.059029
270.000000    115.000000  0.057045
270.000000    120.000000  0.054631
270.000000    125.000000  0.072395
270.000000    130.000000  0.087632
270.000000    135.000000  0.100258
270.000000    140.000000  0.110825
270.000000    145.000000  0.119805
270.000000    150.000000  0.127373
270.000000    155.000000  0.133759
270.000000    160.000000  0.139137
270.000000    165.000000  0.143628
270.000000    170.000000  0.147318
270.000000    175.000000  0.150247
270.000000    180.000000  0.152946
275.000000    0.000000  0.059271
275.000000    5.000000  0.056770
275.000000    10.000000  0.064748
275.000000    15.000000  0.070117
275.000000    20.000000  0.073247
275.000000    25.000000  0.075264
275.000000    30.000000  0.076521
275.000000    35.000000  0.077162
275.000000    40.000000  0.077259
275.000000    45.000000  0.076848
275.000000    50.000000  0.075972
275.000000    55.000000  0.074632
275.000000    60.000000  0.072829
275.000000    65.000000  0.070731
275.000000    70.000000  0.073099
275.000000    75.000000  0.075041
275.000000    80.000000  0.076554
275.000000    85.000000  0.077635
275.000000    90.000000  0.078285
275.000000    95.000000  0.078501
275.000000    100.000000  0.078285
275.000000    105.000000  0.077635
275.000000    110.000000  0.076554
275.000000    115.000000  0.075041
275.000000    120.000000  0.073099
275.000000    125.000000  0.070731
275.000000    130.000000  0.088455
275.000000    135.000000  0.103525
275.000000    140.000000  0.115896
275.000000    145.000000  0.126139
275.000000    150.000000  0.134726
275.000000    155.000000  0.141819
275.000000    160.000000  0.147613
275.000000    165.000000  0.152202
275.000000    170.000000  0.155541
275.000000    175.000000  0.157295
275.000000    180.000000  0.156076
280.000000    0.000000  0.063627
280.000000    5.000000  0.061500
280.000000    10.000000  0.058910
280.000000    15.000000  0.070117
280.000000    20.000000  0.078378
280.000000    25.000000  0.083440
280.000000    30.000000  0.086805
280.000000    35.000000  0.089051
280.000000    40.000000  0.090449
280.000000    45.000000  0.091151
280.000000    50.000000  0.091232
280.000000    55.000000  0.090793
280.000000    60.000000  0.089835
280.000000    65.000000  0.088374
280.000000    70.000000  0.086608
280.000000    75.000000  0.089006
280.000000    80.000000  0.090965
280.000000    85.000000  0.092486
280.000000    90.000000  0.093572
280.000000    95.000000  0.094223
280.000000    100.000000  0.094439
280.000000    105.000000  0.094223
280.000000    110.000000  0.093572
280.000000    115.000000  0.092486
280.000000    120.000000  0.090965
280.000000    125.000000  0.089006
280.000000    130.000000  0.086608
280.000000    135.000000  0.104173
280.000000    140.000000  0.118900
280.000000    145.000000  0.130792
280.000000    150.000000  0.140436
280.000000    155.000000  0.148300
280.000000    160.000000  0.154517
280.000000    165.000000  0.159224
280.000000    170.000000  0.162409
280.000000    175.000000  0.163830
280.000000    180.000000  0.162775
285.000000    0.000000  0.067042
285.000000    5.000000  0.065342
285.000000    10.000000  0.063161
285.000000    15.000000  0.060504
285.000000    20.000000  0.073247
285.000000    25.000000  0.083440
285.000000    30.000000  0.090110
285.000000    35.000000  0.094753
285.000000    40.000000  0.098020
285.000000    45.000000  0.100251
285.000000    50.000000  0.101645
285.000000    55.000000  0.102311
285.000000    60.000000  0.102393
285.000000    65.000000  0.101894
285.000000    70.000000  0.100847
285.000000    75.000000  0.099477
285.000000    80.000000  0.101948
285.000000    85.000000  0.103958
285.000000    90.000000  0.105514
285.000000    95.000000  0.106621
285.000000    100.000000  0.107284
285.000000    105.000000  0.107505
285.000000    110.000000  0.107284
285.000000    115.000000  0.106621
285.000000    120.000000  0.105514
285.000000    125.000000  0.103958
285.000000    130.000000  0.101948
285.000000    135.000000  0.099477
285.000000    140.000000  0.116796
285.000000    145.000000  0.131045
285.000000    150.000000  0.142289
285.000000    155.000000  0.151143
285.000000    160.000000  0.158072
285.000000    165.000000  0.163186
285.000000    170.000000  0.166570
285.000000    175.000000  0.168127
285.000000    180.000000  0.167487
290.000000    0.000000  0.069521
290.000000    5.000000  0.068283
290.000000    10.000000  0.066553
290.000000    15.000000  0.064334
290.000000    20.000000  0.061631
290.000000    25.000000  0.075264
290.000000    30.000000  0.086805
290.000000    35.000000  0.094753
290.000000    40.000000  0.100504
290.000000    45.000000  0.104716
290.000000    50.000000  0.107754
290.000000    55.000000  0.109844
290.000000    60.000000  0.111118
290.000000    65.000000  0.111746
290.000000    70.000000  0.111737
290.000000    75.000000  0.111140
290.000000    80.000000  0.110198
290.000000    85.000000  0.112765
290.000000    90.000000  0.114844
290.000000    95.000000  0.116447
290.000000    100.000000  0.117586
290.000000    105.000000  0.118266
290.000000    110.000000  0.118493
290.000000    115.000000  0.118266
290.000000    120.000000  0.117586
290.000000    125.000000  0.116447
290.000000    130.000000  0.114844
290.000000    135.000000  0.112765
290.000000    140.000000  0.110198
290.000000    145.000000  0.127204
290.000000    150.000000  0.140857
290.000000    155.000000  0.151311
290.000000    160.000000  0.159221
290.000000    165.000000  0.165064
290.000000    170.000000  0.168930
290.000000    175.000000  0.170873
290.000000    180.000000  0.170737
295.000000    0.000000  0.071025
295.000000    5.000000  0.070275
295.000000    10.000000  0.069024
295.000000    15.000000  0.067277
295.000000    20.000000  0.065034
295.000000    25.000000  0.062304
295.000000    30.000000  0.076521
295.000000    35.000000  0.089051
295.000000    40.000000  0.098020
295.000000    45.000000  0.104716
295.000000    50.000000  0.109772
295.000000    55.000000  0.113560
295.000000    60.000000  0.116317
295.000000    65.000000  0.118186
295.000000    70.000000  0.119361
295.000000    75.000000  0.119850
295.000000    80.000000  0.119714
295.000000    85.000000  0.119215
295.000000    90.000000  0.121886
295.000000    95.000000  0.124041
295.000000    100.000000  0.125697
295.000000    105.000000  0.126871
295.000000    110.000000  0.127571
295.000000    115.000000  0.127804
295.000000    120.000000  0.127571
295.000000    125.000000  0.126871
295.000000    130.000000  0.125697
295.000000    135.000000  0.124041
295.000000    140.000000  0.121886
295.000000    145.000000  0.119215
295.000000    150.000000  0.135845
295.000000    155.000000  0.148778
295.000000    160.000000  0.158297
295.000000    165.000000  0.165121
295.000000    170.000000  0.169744
295.000000    175.000000  0.172255
295.000000    180.000000  0.172682
300.000000    0.000000  0.071531
300.000000    5.000000  0.071279
300.000000    10.000000  0.070526
300.000000    15.000000  0.069272
300.000000    20.000000  0.067518
300.000000    25.000000  0.065268
300.000000    30.000000  0.062527
300.000000    35.000000  0.077162
300.000000    40.000000  0.090449
300.000000    45.000000  0.100251
300.000000    50.000000  0.107754
300.000000    55.000000  0.113560
300.000000    60.000000  0.118035
300.000000    65.000000  0.121418
300.000000    70.000000  0.123860
300.000000    75.000000  0.125568
300.000000    80.000000  0.126551
300.000000    85.000000  0.126879
300.000000    90.000000  0.126829
300.000000    95.000000  0.129604
300.000000    100.000000  0.131834
300.000000    105.000000  0.133544
300.000000    110.000000  0.134753
300.000000    115.000000  0.135473
300.000000    120.000000  0.135713
300.000000    125.000000  0.135473
300.000000    130.000000  0.134753
300.000000    135.000000  0.133544
300.000000    140.000000  0.131834
300.000000    145.000000  0.129604
300.000000    150.000000  0.126829
300.000000    155.000000  0.143006
300.000000    160.000000  0.155067
300.000000    165.000000  0.163484
300.000000    170.000000  0.169061
300.000000    175.000000  0.172327
300.000000    180.000000  0.173375
305.000000    0.000000  0.071028
305.000000    5.000000  0.071278
305.000000    10.000000  0.071027
305.000000    15.000000  0.070276
305.000000    20.000000  0.069026
305.000000    25.000000  0.067278
305.000000    30.000000  0.065035
305.000000    35.000000  0.062304
305.000000    40.000000  0.077259
305.000000    45.000000  0.091151
305.000000    50.000000  0.101645
305.000000    55.000000  0.109844
305.000000    60.000000  0.116317
305.000000    65.000000  0.121418
305.000000    70.000000  0.125385
305.000000    75.000000  0.128373
305.000000    80.000000  0.130595
305.000000    85.000000  0.132063
305.000000    90.000000  0.132852
305.000000    95.000000  0.133251
305.000000    100.000000  0.136123
305.000000    105.000000  0.138423
305.000000    110.000000  0.140182
305.000000    115.000000  0.141424
305.000000    120.000000  0.142163
305.000000    125.000000  0.142409
305.000000    130.000000  0.142163
305.000000    135.000000  0.141424
305.000000    140.000000  0.140182
305.000000    145.000000  0.138423
305.000000    150.000000  0.136123
305.000000    155.000000  0.133251
305.000000    160.000000  0.148865
305.000000    165.000000  0.159846
305.000000    170.000000  0.166940
305.000000    175.000000  0.171077
305.000000    180.000000  0.172826
310.000000    0.000000  0.069528
310.000000    5.000000  0.070271
310.000000    10.000000  0.070519
310.000000    15.000000  0.070271
310.000000    20.000000  0.069527
310.000000    25.000000  0.068289
310.000000    30.000000  0.066558
310.000000    35.000000  0.064338
310.000000    40.000000  0.061633
310.000000    45.000000  0.076848
310.000000    50.000000  0.091232
310.000000    55.000000  0.102311
310.000000    60.000000  0.111118
310.000000    65.000000  0.118186
310.000000    70.000000  0.123860
310.000000    75.000000  0.128373
310.000000    80.000000  0.131879
310.000000    85.000000  0.134597
310.000000    90.000000  0.136539
310.000000    95.000000  0.137784
310.000000    100.000000  0.138630
310.000000    105.000000  0.141588
310.000000    110.000000  0.143950
310.000000    115.000000  0.145753
310.000000    120.000000  0.147024
310.000000    125.000000  0.147779
310.000000    130.000000  0.148030
310.000000    135.000000  0.147779
310.000000    140.000000  0.147024
310.000000    145.000000  0.145753
310.000000    150.000000  0.143950
310.000000    155.000000  0.141588
310.000000    160.000000  0.138630
310.000000    165.000000  0.153502
310.000000    170.000000  0.163087
310.000000    175.000000  0.168557
310.000000    180.000000  0.171002
315.000000    0.000000  0.067062
315.000000    5.000000  0.068280
315.000000    10.000000  0.069011
315.000000    15.000000  0.069255
315.000000    20.000000  0.069011
315.000000    25.000000  0.068280
315.000000    30.000000  0.067062
315.000000    35.000000  0.065360
315.000000    40.000000  0.063177
315.000000    45.000000  0.060518
315.000000    50.000000  0.075972
315.000000    55.000000  0.090793
315.000000    60.000000  0.102393
315.000000    65.000000  0.111746
315.000000    70.000000  0.119361
315.000000    75.000000  0.125568
315.000000    80.000000  0.130595
315.000000    85.000000  0.134597
315.000000    90.000000  0.137794
315.000000    95.000000  0.140200
315.000000    100.000000  0.141895
315.000000    105.000000  0.143188
315.000000    110.000000  0.146218
315.000000    115.000000  0.148633
315.000000    120.000000  0.150473
315.000000    125.000000  0.151767
315.000000    130.000000  0.152535
315.000000    135.000000  0.152790
315.000000    140.000000  0.152535
315.000000    145.000000  0.151767
315.000000    150.000000  0.150473
315.000000    155.000000  0.148633
315.000000    160.000000  0.146218
315.000000    165.000000  0.143188
315.000000    170.000000  0.156983
315.000000    175.000000  0.164667
315.000000    180.000000  0.168078
320.000000    0.000000  0.063682
320.000000    5.000000  0.065343
320.000000    10.000000  0.066531
320.000000    15.000000  0.067245
320.000000    20.000000  0.067483
320.000000    25.000000  0.067245
320.000000    30.000000  0.066531
320.000000    35.000000  0.065343
320.000000    40.000000  0.063681
320.000000    45.000000  0.061550
320.000000    50.000000  0.058956
320.000000    55.000000  0.074632
320.000000    60.000000  0.089835
320.000000    65.000000  0.101894
320.000000    70.000000  0.111737
320.000000    75.000000  0.119850
320.000000    80.000000  0.126551
320.000000    85.000000  0.132063
320.000000    90.000000  0.136539
320.000000    95.000000  0.140200
320.000000    100.000000  0.143059
320.000000    105.000000  0.145199
320.000000    110.000000  0.146935
320.000000    115.000000  0.150024
320.000000    120.000000  0.152479
320.000000    125.000000  0.154346
320.000000    130.000000  0.155657
320.000000    135.000000  0.156435
320.000000    140.000000  0.156693
320.000000    145.000000  0.156435
320.000000    150.000000  0.155657
320.000000    155.000000  0.154346
320.000000    160.000000  0.152479
320.000000    165.000000  0.150024
320.000000    170.000000  0.146935
320.000000    175.000000  0.158937
320.000000    180.000000  0.163849
325.000000    0.000000  0.059452
325.000000    5.000000  0.061514
325.000000    10.000000  0.063122
325.000000    15.000000  0.064273
325.000000    20.000000  0.064964
325.000000    25.000000  0.065194
325.000000    30.000000  0.064964
325.000000    35.000000  0.064272
325.000000    40.000000  0.063122
325.000000    45.000000  0.061513
325.000000    50.000000  0.059451
325.000000    55.000000  0.056940
325.000000    60.000000  0.072829
325.000000    65.000000  0.088374
325.000000    70.000000  0.100847
325.000000    75.000000  0.111140
325.000000    80.000000  0.119714
325.000000    85.000000  0.126879
325.000000    90.000000  0.132852
325.000000    95.000000  0.137784
325.000000    100.000000  0.141895
325.000000    105.000000  0.145199
325.000000    110.000000  0.147777
325.000000    115.000000  0.149950
325.000000    120.000000  0.153079
325.000000    125.000000  0.155561
325.000000    130.000000  0.157445
325.000000    135.000000  0.158766
325.000000    140.000000  0.159550
325.000000    145.000000  0.159809
325.000000    150.000000  0.159550
325.000000    155.000000  0.158766
325.000000    160.000000  0.157445
325.000000    165.000000  0.155561
325.000000    170.000000  0.153079
325.000000    175.000000  0.149950
325.000000    180.000000  0.158153
330.000000    0.000000  0.054632
330.000000    5.000000  0.057042
330.000000    10.000000  0.059022
330.000000    15.000000  0.060567
330.000000    20.000000  0.061672
330.000000    25.000000  0.062336
330.000000    30.000000  0.062557
330.000000    35.000000  0.062336
330.000000    40.000000  0.061672
330.000000    45.000000  0.060566
330.000000    50.000000  0.059022
330.000000    55.000000  0.057041
330.000000    60.000000  0.054631
330.000000    65.000000  0.070731
330.000000    70.000000  0.086608
330.000000    75.000000  0.099477
330.000000    80.000000  0.110198
330.000000    85.000000  0.119215
330.000000    90.000000  0.126829
330.000000    95.000000  0.133251
330.000000    100.000000  0.138630
330.000000    105.000000  0.143188
330.000000    110.000000  0.146935
330.000000    115.000000  0.149950
330.000000    120.000000  0.152441
330.000000    125.000000  0.155597
330.000000    130.000000  0.158096
330.000000    135.000000  0.159990
330.000000    140.000000  0.161316
330.000000    145.000000  0.162102
330.000000    150.000000  0.162362
330.000000    155.000000  0.162102
330.000000    160.000000  0.161316
330.000000    165.000000  0.159990
330.000000    170.000000  0.158096
330.000000    175.000000  0.155597
330.000000    180.000000  0.152441
335.000000    0.000000  0.059588
335.000000    5.000000  0.057046
335.000000    10.000000  0.059557
335.000000    15.000000  0.061619
335.000000    20.000000  0.063228
335.000000    25.000000  0.064378
335.000000    30.000000  0.065069
335.000000    35.000000  0.065300
335.000000    40.000000  0.065069
335.000000    45.000000  0.064378
335.000000    50.000000  0.063227
335.000000    55.000000  0.061619
335.000000    60.000000  0.059556
335.000000    65.000000  0.057045
335.000000    70.000000  0.073099
335.000000    75.000000  0.089006
335.000000    80.000000  0.101948
335.000000    85.000000  0.112765
335.000000    90.000000  0.121886
335.000000    95.000000  0.129604
335.000000    100.000000  0.136123
335.000000    105.000000  0.141588
335.000000    110.000000  0.146218
335.000000    115.000000  0.150024
335.000000    120.000000  0.153079
335.000000    125.000000  0.155597
335.000000    130.000000  0.158885
335.000000    135.000000  0.161490
335.000000    140.000000  0.163464
335.000000    145.000000  0.164848
335.000000    150.000000  0.165668
335.000000    155.000000  0.165940
335.000000    160.000000  0.165668
335.000000    165.000000  0.164848
335.000000    170.000000  0.163464
335.000000    175.000000  0.161490
335.000000    180.000000  0.158885
340.000000    0.000000  0.063828
340.000000    5.000000  0.061652
340.000000    10.000000  0.059030
340.000000    15.000000  0.061623
340.000000    20.000000  0.063752
340.000000    25.000000  0.065412
340.000000    30.000000  0.066600
340.000000    35.000000  0.067314
340.000000    40.000000  0.067551
340.000000    45.000000  0.067313
340.000000    50.000000  0.066600
340.000000    55.000000  0.065412
340.000000    60.000000  0.063752
340.000000    65.000000  0.061622
340.000000    70.000000  0.059029
340.000000    75.000000  0.075041
340.000000    80.000000  0.090965
340.000000    85.000000  0.103958
340.000000    90.000000  0.114844
340.000000    95.000000  0.124041
340.000000    100.000000  0.131834
340.000000    105.000000  0.138423
340.000000    110.000000  0.143950
340.000000    115.000000  0.148633
340.000000    120.000000  0.152479
340.000000    125.000000  0.155561
340.000000    130.000000  0.158096
340.000000    135.000000  0.161490
340.000000    140.000000  0.164180
340.000000    145.000000  0.166220
340.000000    150.000000  0.167650
340.000000    155.000000  0.168497
340.000000    160.000000  0.168778
340.000000    165.000000  0.168497
340.000000    170.000000  0.167650
340.000000    175.000000  0.166220
340.000000    180.000000  0.164180
345.000000    0.000000  0.067206
345.000000    5.000000  0.065491
345.000000    10.000000  0.063262
345.000000    15.000000  0.060577
345.000000    20.000000  0.063234
345.000000    25.000000  0.065415
345.000000    30.000000  0.067116
345.000000    35.000000  0.068333
345.000000    40.000000  0.069063
345.000000    45.000000  0.069307
345.000000    50.000000  0.069063
345.000000    55.000000  0.068332
345.000000    60.000000  0.067116
345.000000    65.000000  0.065415
345.000000    70.000000  0.063233
345.000000    75.000000  0.060576
345.000000    80.000000  0.076554
345.000000    85.000000  0.092486
345.000000    90.000000  0.105514
345.000000    95.000000  0.116447
345.000000    100.000000  0.125697
345.000000    105.000000  0.133544
345.000000    110.000000  0.140182
345.000000    115.000000  0.145753
345.000000    120.000000  0.150473
345.000000    125.000000  0.154346
345.000000    130.000000  0.157445
345.000000    135.000000  0.159990
345.000000    140.000000  0.163464
345.000000    145.000000  0.166220
345.000000    150.000000  0.168310
345.000000    155.000000  0.169776
345.000000    160.000000  0.170645
345.000000    165.000000  0.170933
345.000000    170.000000  0.170645
345.000000    175.000000  0.169776
345.000000    180.000000  0.168310
350.000000    0.000000  0.069668
350.000000    5.000000  0.068424
350.000000    10.000000  0.066680
350.000000    15.000000  0.064414
350.000000    20.000000  0.061684
350.000000    25.000000  0.064386
350.000000    30.000000  0.066605
350.000000    35.000000  0.068334
350.000000    40.000000  0.069572
350.000000    45.000000  0.070315
350.000000    50.000000  0.070562
350.000000    55.000000  0.070314
350.000000    60.000000  0.069571
350.000000    65.000000  0.068334
350.000000    70.000000  0.066604
350.000000    75.000000  0.064386
350.000000    80.000000  0.061683
350.000000    85.000000  0.077635
350.000000    90.000000  0.093572
350.000000    95.000000  0.106621
350.000000    100.000000  0.117586
350.000000    105.000000  0.126871
350.000000    110.000000  0.134753
350.000000    115.000000  0.141424
350.000000    120.000000  0.147024
350.000000    125.000000  0.151767
350.000000    130.000000  0.155657
350.000000    135.000000  0.158766
350.000000    140.000000  0.161316
350.000000    145.000000  0.164848
350.000000    150.000000  0.167650
350.000000    155.000000  0.169776
350.000000    160.000000  0.171267
350.000000    165.000000  0.172151
350.000000    170.000000  0.172444
350.000000    175.000000  0.172151
350.000000    180.000000  0.171267
355.000000    0.000000  0.071166
355.000000    5.000000  0.070412
355.000000    10.000000  0.069156
355.000000    15.000000  0.067395
355.000000    20.000000  0.065105
355.000000    25.000000  0.062349
355.000000    30.000000  0.065078
355.000000    35.000000  0.067319
355.000000    40.000000  0.069066
355.000000    45.000000  0.070316
355.000000    50.000000  0.071066
355.000000    55.000000  0.071316
355.000000    60.000000  0.071066
355.000000    65.000000  0.070315
355.000000    70.000000  0.069066
355.000000    75.000000  0.067319
355.000000    80.000000  0.065078
355.000000    85.000000  0.062348
355.000000    90.000000  0.078285
355.000000    95.000000  0.094223
355.000000    100.000000  0.107284
355.000000    105.000000  0.118266
355.000000    110.000000  0.127571
355.000000    115.000000  0.135473
355.000000    120.000000  0.142163
355.000000    125.000000  0.147779
355.000000    130.000000  0.152535
355.000000    135.000000  0.156435
355.000000    140.000000  0.159550
355.000000    145.000000  0.162102
355.000000    150.000000  0.165668
355.000000    155.000000  0.168497
355.000000    160.000000  0.170645
355.000000    165.000000  0.172151
355.000000    170.000000  0.173044
355.000000    175.000000  0.173340
355.000000    180.000000  0.173044
360.000000    0.000000  0.071672
360.000000    5.000000  0.071416
360.000000    10.000000  0.070661
360.000000    15.000000  0.069400
360.000000    20.000000  0.067633
360.000000    25.000000  0.065336
360.000000    30.000000  0.062571
360.000000    35.000000  0.065309
360.000000    40.000000  0.067558
360.000000    45.000000  0.069310
360.000000    50.000000  0.070564
360.000000    55.000000  0.071317
360.000000    60.000000  0.071567
360.000000    65.000000  0.071316
360.000000    70.000000  0.070564
360.000000    75.000000  0.069310
360.000000    80.000000  0.067557
360.000000    85.000000  0.065309
360.000000    90.000000  0.062570
360.000000    95.000000  0.078501
360.000000    100.000000  0.094439
360.000000    105.000000  0.107505
360.000000    110.000000  0.118493
360.000000    115.000000  0.127804
360.000000    120.000000  0.135713
360.000000    125.000000  0.142409
360.000000    130.000000  0.148030
360.000000    135.000000  0.152790
360.000000    140.000000  0.156693
360.000000    145.000000  0.159809
360.000000    150.000000  0.162362
360.000000    155.000000  0.165940
360.000000    160.000000  0.168778
360.000000    165.000000  0.170933
360.000000    170.000000  0.172444
360.000000    175.000000  0.173340
360.000000    180.000000  0.173637
