0.000000    0.000000  0.297148
0.000000    5.000000  0.296498
0.000000    10.000000  0.294636
0.000000    15.000000  0.291494
0.000000    20.000000  0.287021
0.000000    25.000000  0.281126
0.000000    30.000000  0.273703
0.000000    35.000000  0.264604
0.000000    40.000000  0.253627
0.000000    45.000000  0.240690
0.000000    50.000000  0.240076
0.000000    55.000000  0.238225
0.000000    60.000000  0.235116
0.000000    65.000000  0.230712
0.000000    70.000000  0.224960
0.000000    75.000000  0.217794
0.000000    80.000000  0.209134
0.000000    85.000000  0.198890
0.000000    90.000000  0.186961
0.000000    95.000000  0.216268
0.000000    100.000000  0.241299
0.000000    105.000000  0.261818
0.000000    110.000000  0.278830
0.000000    115.000000  0.292983
0.000000    120.000000  0.304764
0.000000    125.000000  0.314512
0.000000    130.000000  0.322482
0.000000    135.000000  0.329118
0.000000    140.000000  0.340634
0.000000    145.000000  0.350122
0.000000    150.000000  0.357875
0.000000    155.000000  0.364118
0.000000    160.000000  0.369023
0.000000    165.000000  0.372718
0.000000    170.000000  0.375294
0.000000    175.000000  0.376816
0.000000    180.000000  0.377320
5.000000    0.000000  0.295883
5.000000    5.000000  0.296532
5.000000    10.000000  0.295883
5.000000    15.000000  0.294023
5.000000    20.000000  0.290887
5.000000    25.000000  0.286421
5.000000    30.000000  0.280536
5.000000    35.000000  0.273127
5.000000    40.000000  0.264043
5.000000    45.000000  0.253086
5.000000    50.000000  0.240172
5.000000    55.000000  0.239558
5.000000    60.000000  0.237711
5.000000    65.000000  0.234608
5.000000    70.000000  0.230211
5.000000    75.000000  0.224469
5.000000    80.000000  0.217317
5.000000    85.000000  0.208673
5.000000    90.000000  0.198447
5.000000    95.000000  0.186541
5.000000    100.000000  0.215866
5.000000    105.000000  0.240906
5.000000    110.000000  0.261428
5.000000    115.000000  0.278440
5.000000    120.000000  0.292592
5.000000    125.000000  0.304372
5.000000    130.000000  0.314120
5.000000    135.000000  0.322090
5.000000    140.000000  0.328726
5.000000    145.000000  0.340217
5.000000    150.000000  0.349683
5.000000    155.000000  0.357418
5.000000    160.000000  0.363647
5.000000    165.000000  0.368540
5.000000    170.000000  0.372225
5.000000    175.000000  0.374796
5.000000    180.000000  0.376314
10.000000    0.000000  0.292176
10.000000    5.000000  0.294026
10.000000    10.000000  0.294671
10.000000    15.000000  0.294026
10.000000    20.000000  0.292176
10.000000    25.000000  0.289055
10.000000    30.000000  0.284613
10.000000    35.000000  0.278758
10.000000    40.000000  0.271387
10.000000    45.000000  0.262351
10.000000    50.000000  0.251452
10.000000    55.000000  0.238606
10.000000    60.000000  0.237996
10.000000    65.000000  0.236159
10.000000    70.000000  0.233073
10.000000    75.000000  0.228700
10.000000    80.000000  0.222990
10.000000    85.000000  0.215877
10.000000    90.000000  0.207281
10.000000    95.000000  0.197113
10.000000    100.000000  0.185276
10.000000    105.000000  0.214653
10.000000    110.000000  0.239718
10.000000    115.000000  0.260249
10.000000    120.000000  0.277262
10.000000    125.000000  0.291411
10.000000    130.000000  0.303187
10.000000    135.000000  0.312933
10.000000    140.000000  0.320904
10.000000    145.000000  0.327543
10.000000    150.000000  0.338956
10.000000    155.000000  0.348356
10.000000    160.000000  0.356036
10.000000    165.000000  0.362220
10.000000    170.000000  0.367078
10.000000    175.000000  0.370737
10.000000    180.000000  0.373289
15.000000    0.000000  0.285967
15.000000    5.000000  0.289060
15.000000    10.000000  0.290894
15.000000    15.000000  0.291533
15.000000    20.000000  0.290894
15.000000    25.000000  0.289060
15.000000    30.000000  0.285967
15.000000    35.000000  0.281563
15.000000    40.000000  0.275760
15.000000    45.000000  0.268454
15.000000    50.000000  0.259499
15.000000    55.000000  0.248698
15.000000    60.000000  0.235967
15.000000    65.000000  0.235363
15.000000    70.000000  0.233543
15.000000    75.000000  0.230485
15.000000    80.000000  0.226152
15.000000    85.000000  0.220495
15.000000    90.000000  0.213449
15.000000    95.000000  0.204935
15.000000    100.000000  0.194865
15.000000    105.000000  0.183142
15.000000    110.000000  0.212609
15.000000    115.000000  0.237715
15.000000    120.000000  0.258261
15.000000    125.000000  0.275273
15.000000    130.000000  0.289415
15.000000    135.000000  0.301183
15.000000    140.000000  0.310924
15.000000    145.000000  0.318895
15.000000    150.000000  0.325538
15.000000    155.000000  0.336819
15.000000    160.000000  0.346109
15.000000    165.000000  0.353697
15.000000    170.000000  0.359805
15.000000    175.000000  0.364604
15.000000    180.000000  0.368217
20.000000    0.000000  0.277216
20.000000    5.000000  0.281564
20.000000    10.000000  0.284619
20.000000    15.000000  0.286430
20.000000    20.000000  0.287061
20.000000    25.000000  0.286430
20.000000    30.000000  0.284619
20.000000    35.000000  0.281564
20.000000    40.000000  0.277216
20.000000    45.000000  0.271486
20.000000    50.000000  0.264274
20.000000    55.000000  0.255434
20.000000    60.000000  0.244773
20.000000    65.000000  0.232208
20.000000    70.000000  0.231612
20.000000    75.000000  0.229816
20.000000    80.000000  0.226798
20.000000    85.000000  0.222524
20.000000    90.000000  0.216943
20.000000    95.000000  0.209992
20.000000    100.000000  0.201594
20.000000    105.000000  0.191663
20.000000    110.000000  0.180105
20.000000    115.000000  0.209698
20.000000    120.000000  0.234861
20.000000    125.000000  0.255423
20.000000    130.000000  0.272432
20.000000    135.000000  0.286561
20.000000    140.000000  0.298315
20.000000    145.000000  0.308046
20.000000    150.000000  0.316014
20.000000    155.000000  0.322659
20.000000    160.000000  0.333752
20.000000    165.000000  0.342883
20.000000    170.000000  0.350340
20.000000    175.000000  0.356342
20.000000    180.000000  0.361055
25.000000    0.000000  0.265861
25.000000    5.000000  0.271493
25.000000    10.000000  0.275768
25.000000    15.000000  0.278771
25.000000    20.000000  0.280552
25.000000    25.000000  0.281171
25.000000    30.000000  0.280552
25.000000    35.000000  0.278771
25.000000    40.000000  0.275768
25.000000    45.000000  0.271493
25.000000    50.000000  0.265861
25.000000    55.000000  0.258771
25.000000    60.000000  0.250083
25.000000    65.000000  0.239609
25.000000    70.000000  0.227263
25.000000    75.000000  0.226677
25.000000    80.000000  0.224913
25.000000    85.000000  0.221949
25.000000    90.000000  0.217751
25.000000    95.000000  0.212271
25.000000    100.000000  0.205445
25.000000    105.000000  0.197201
25.000000    110.000000  0.187454
25.000000    115.000000  0.176114
25.000000    120.000000  0.205871
25.000000    125.000000  0.231104
25.000000    130.000000  0.251683
25.000000    135.000000  0.268680
25.000000    140.000000  0.282787
25.000000    145.000000  0.294516
25.000000    150.000000  0.304227
25.000000    155.000000  0.312187
25.000000    160.000000  0.318830
25.000000    165.000000  0.329675
25.000000    170.000000  0.338597
25.000000    175.000000  0.345880
25.000000    180.000000  0.351741
30.000000    0.000000  0.251846
30.000000    5.000000  0.258779
30.000000    10.000000  0.264288
30.000000    15.000000  0.268470
30.000000    20.000000  0.271408
30.000000    25.000000  0.273150
30.000000    30.000000  0.273755
30.000000    35.000000  0.273150
30.000000    40.000000  0.271408
30.000000    45.000000  0.268470
30.000000    50.000000  0.264288
30.000000    55.000000  0.258779
30.000000    60.000000  0.251846
30.000000    65.000000  0.243351
30.000000    70.000000  0.233112
30.000000    75.000000  0.221042
30.000000    80.000000  0.220470
30.000000    85.000000  0.218746
30.000000    90.000000  0.215850
30.000000    95.000000  0.211749
30.000000    100.000000  0.206395
30.000000    105.000000  0.199730
30.000000    110.000000  0.191680
30.000000    115.000000  0.182166
30.000000    120.000000  0.171100
30.000000    125.000000  0.201061
30.000000    130.000000  0.226374
30.000000    135.000000  0.246964
30.000000    140.000000  0.263937
30.000000    145.000000  0.278005
30.000000    150.000000  0.289695
30.000000    155.000000  0.299372
30.000000    160.000000  0.307311
30.000000    165.000000  0.313943
30.000000    170.000000  0.324475
30.000000    175.000000  0.333134
30.000000    180.000000  0.340198
35.000000    0.000000  0.235112
35.000000    5.000000  0.243369
35.000000    10.000000  0.250110
35.000000    15.000000  0.255467
35.000000    20.000000  0.259534
35.000000    25.000000  0.262391
35.000000    30.000000  0.264086
35.000000    35.000000  0.264673
35.000000    40.000000  0.264086
35.000000    45.000000  0.262391
35.000000    50.000000  0.259534
35.000000    55.000000  0.255467
35.000000    60.000000  0.250110
35.000000    65.000000  0.243369
35.000000    70.000000  0.235112
35.000000    75.000000  0.225163
35.000000    80.000000  0.213435
35.000000    85.000000  0.212879
35.000000    90.000000  0.211205
35.000000    95.000000  0.208393
35.000000    100.000000  0.204411
35.000000    105.000000  0.199214
35.000000    110.000000  0.192744
35.000000    115.000000  0.184934
35.000000    120.000000  0.175706
35.000000    125.000000  0.164977
35.000000    130.000000  0.195183
35.000000    135.000000  0.220583
35.000000    140.000000  0.241172
35.000000    145.000000  0.258099
35.000000    150.000000  0.272103
35.000000    155.000000  0.283728
35.000000    160.000000  0.293350
35.000000    165.000000  0.301250
35.000000    170.000000  0.307855
35.000000    175.000000  0.318002
35.000000    180.000000  0.326337
40.000000    0.000000  0.215618
40.000000    5.000000  0.225215
40.000000    10.000000  0.233183
40.000000    15.000000  0.239690
40.000000    20.000000  0.244863
40.000000    25.000000  0.248790
40.000000    30.000000  0.251550
40.000000    35.000000  0.253187
40.000000    40.000000  0.253753
40.000000    45.000000  0.253187
40.000000    50.000000  0.251550
40.000000    55.000000  0.248790
40.000000    60.000000  0.244863
40.000000    65.000000  0.239690
40.000000    70.000000  0.233183
40.000000    75.000000  0.225215
40.000000    80.000000  0.215618
40.000000    85.000000  0.204304
40.000000    90.000000  0.203768
40.000000    95.000000  0.202154
40.000000    100.000000  0.199444
40.000000    105.000000  0.195606
40.000000    110.000000  0.190598
40.000000    115.000000  0.184367
40.000000    120.000000  0.176846
40.000000    125.000000  0.167964
40.000000    130.000000  0.157644
40.000000    135.000000  0.188135
40.000000    140.000000  0.213619
40.000000    145.000000  0.234182
40.000000    150.000000  0.251029
40.000000    155.000000  0.264933
40.000000    160.000000  0.276456
40.000000    165.000000  0.285989
40.000000    170.000000  0.293822
40.000000    175.000000  0.300375
40.000000    180.000000  0.310057
45.000000    0.000000  0.193486
45.000000    5.000000  0.204303
45.000000    10.000000  0.213478
45.000000    15.000000  0.221100
45.000000    20.000000  0.227326
45.000000    25.000000  0.232276
45.000000    30.000000  0.236035
45.000000    35.000000  0.238678
45.000000    40.000000  0.240245
45.000000    45.000000  0.240786
45.000000    50.000000  0.240245
45.000000    55.000000  0.238678
45.000000    60.000000  0.236035
45.000000    65.000000  0.232276
45.000000    70.000000  0.227326
45.000000    75.000000  0.221100
45.000000    80.000000  0.213478
45.000000    85.000000  0.204303
45.000000    90.000000  0.193486
45.000000    95.000000  0.192974
45.000000    100.000000  0.191432
45.000000    105.000000  0.188844
45.000000    110.000000  0.185179
45.000000    115.000000  0.180399
45.000000    120.000000  0.174452
45.000000    125.000000  0.167278
45.000000    130.000000  0.158810
45.000000    135.000000  0.148978
45.000000    140.000000  0.179796
45.000000    145.000000  0.205347
45.000000    150.000000  0.225842
45.000000    155.000000  0.242556
45.000000    160.000000  0.256302
45.000000    165.000000  0.267670
45.000000    170.000000  0.277064
45.000000    175.000000  0.284786
45.000000    180.000000  0.291249
50.000000    0.000000  0.192236
50.000000    5.000000  0.192746
50.000000    10.000000  0.209209
50.000000    15.000000  0.220159
50.000000    20.000000  0.228485
50.000000    25.000000  0.235036
50.000000    30.000000  0.240154
50.000000    35.000000  0.244016
50.000000    40.000000  0.246742
50.000000    45.000000  0.248400
50.000000    50.000000  0.249042
50.000000    55.000000  0.248632
50.000000    60.000000  0.247223
50.000000    65.000000  0.244779
50.000000    70.000000  0.241267
50.000000    75.000000  0.236618
50.000000    80.000000  0.230752
50.000000    85.000000  0.223558
50.000000    90.000000  0.214895
50.000000    95.000000  0.204673
50.000000    100.000000  0.204185
50.000000    105.000000  0.202717
50.000000    110.000000  0.200252
50.000000    115.000000  0.196763
50.000000    120.000000  0.192210
50.000000    125.000000  0.186547
50.000000    130.000000  0.179715
50.000000    135.000000  0.171649
50.000000    140.000000  0.162281
50.000000    145.000000  0.193313
50.000000    150.000000  0.218701
50.000000    155.000000  0.238796
50.000000    160.000000  0.254931
50.000000    165.000000  0.267901
50.000000    170.000000  0.278181
50.000000    175.000000  0.285807
50.000000    180.000000  0.289680
55.000000    0.000000  0.189205
55.000000    5.000000  0.190732
55.000000    10.000000  0.191239
55.000000    15.000000  0.209785
55.000000    20.000000  0.222572
55.000000    25.000000  0.232063
55.000000    30.000000  0.239373
55.000000    35.000000  0.245018
55.000000    40.000000  0.249272
55.000000    45.000000  0.252315
55.000000    50.000000  0.254253
55.000000    55.000000  0.255168
55.000000    60.000000  0.255021
55.000000    65.000000  0.253894
55.000000    70.000000  0.251765
55.000000    75.000000  0.248603
55.000000    80.000000  0.244351
55.000000    85.000000  0.238939
55.000000    90.000000  0.232265
55.000000    95.000000  0.224203
55.000000    100.000000  0.214674
55.000000    105.000000  0.214209
55.000000    110.000000  0.212806
55.000000    115.000000  0.210451
55.000000    120.000000  0.207116
55.000000    125.000000  0.202763
55.000000    130.000000  0.197343
55.000000    135.000000  0.190798
55.000000    140.000000  0.183060
55.000000    145.000000  0.174056
55.000000    150.000000  0.205066
55.000000    155.000000  0.229885
55.000000    160.000000  0.249034
55.000000    165.000000  0.263889
55.000000    170.000000  0.275175
55.000000    175.000000  0.283138
55.000000    180.000000  0.287268
60.000000    0.000000  0.184112
60.000000    5.000000  0.186647
60.000000    10.000000  0.188157
60.000000    15.000000  0.188658
60.000000    20.000000  0.208225
60.000000    25.000000  0.222310
60.000000    30.000000  0.232831
60.000000    35.000000  0.240921
60.000000    40.000000  0.247171
60.000000    45.000000  0.251915
60.000000    50.000000  0.255374
60.000000    55.000000  0.257686
60.000000    60.000000  0.258965
60.000000    65.000000  0.259165
60.000000    70.000000  0.258407
60.000000    75.000000  0.256671
60.000000    80.000000  0.253938
60.000000    85.000000  0.250160
60.000000    90.000000  0.245281
60.000000    95.000000  0.239209
60.000000    100.000000  0.231832
60.000000    105.000000  0.223087
60.000000    110.000000  0.222641
60.000000    115.000000  0.221300
60.000000    120.000000  0.219046
60.000000    125.000000  0.215851
60.000000    130.000000  0.211678
60.000000    135.000000  0.206474
60.000000    140.000000  0.200179
60.000000    145.000000  0.192718
60.000000    150.000000  0.184007
60.000000    155.000000  0.214762
60.000000    160.000000  0.238585
60.000000    165.000000  0.256246
60.000000    170.000000  0.269189
60.000000    175.000000  0.278069
60.000000    180.000000  0.282920
65.000000    0.000000  0.176992
65.000000    5.000000  0.180521
65.000000    10.000000  0.183014
65.000000    15.000000  0.184499
65.000000    20.000000  0.184993
65.000000    25.000000  0.205159
65.000000    30.000000  0.220173
65.000000    35.000000  0.231540
65.000000    40.000000  0.240341
65.000000    45.000000  0.247184
65.000000    50.000000  0.252438
65.000000    55.000000  0.256352
65.000000    60.000000  0.259086
65.000000    65.000000  0.260780
65.000000    70.000000  0.261386
65.000000    75.000000  0.261056
65.000000    80.000000  0.259774
65.000000    85.000000  0.257534
65.000000    90.000000  0.254299
65.000000    95.000000  0.250024
65.000000    100.000000  0.244630
65.000000    105.000000  0.238021
65.000000    110.000000  0.230145
65.000000    115.000000  0.229719
65.000000    120.000000  0.228436
65.000000    125.000000  0.226277
65.000000    130.000000  0.223216
65.000000    135.000000  0.219210
65.000000    140.000000  0.214206
65.000000    145.000000  0.208137
65.000000    150.000000  0.200920
65.000000    155.000000  0.192456
65.000000    160.000000  0.222679
65.000000    165.000000  0.244990
65.000000    170.000000  0.260547
65.000000    175.000000  0.270917
65.000000    180.000000  0.276721
70.000000    0.000000  0.167880
70.000000    5.000000  0.172380
70.000000    10.000000  0.175831
70.000000    15.000000  0.178269
70.000000    20.000000  0.179722
70.000000    25.000000  0.180204
70.000000    30.000000  0.200784
70.000000    35.000000  0.216489
70.000000    40.000000  0.228547
70.000000    45.000000  0.237973
70.000000    50.000000  0.245374
70.000000    55.000000  0.251130
70.000000    60.000000  0.255511
70.000000    65.000000  0.258694
70.000000    70.000000  0.260835
70.000000    75.000000  0.261889
70.000000    80.000000  0.262032
70.000000    85.000000  0.261257
70.000000    90.000000  0.259567
70.000000    95.000000  0.256937
70.000000    100.000000  0.253335
70.000000    105.000000  0.248697
70.000000    110.000000  0.242939
70.000000    115.000000  0.236025
70.000000    120.000000  0.235618
70.000000    125.000000  0.234391
70.000000    130.000000  0.232327
70.000000    135.000000  0.229394
70.000000    140.000000  0.225550
70.000000    145.000000  0.220736
70.000000    150.000000  0.214879
70.000000    155.000000  0.207885
70.000000    160.000000  0.199640
70.000000    165.000000  0.228940
70.000000    170.000000  0.249024
70.000000    175.000000  0.261683
70.000000    180.000000  0.268700
75.000000    0.000000  0.156832
75.000000    5.000000  0.162266
75.000000    10.000000  0.166638
75.000000    15.000000  0.169990
75.000000    20.000000  0.172360
75.000000    25.000000  0.173771
75.000000    30.000000  0.174239
75.000000    35.000000  0.195110
75.000000    40.000000  0.211351
75.000000    45.000000  0.223985
75.000000    50.000000  0.233964
75.000000    55.000000  0.241882
75.000000    60.000000  0.248127
75.000000    65.000000  0.252978
75.000000    70.000000  0.256624
75.000000    75.000000  0.259239
75.000000    80.000000  0.260777
75.000000    85.000000  0.261436
75.000000    90.000000  0.261217
75.000000    95.000000  0.260134
75.000000    100.000000  0.258173
75.000000    105.000000  0.255316
75.000000    110.000000  0.251511
75.000000    115.000000  0.246692
75.000000    120.000000  0.240834
75.000000    125.000000  0.240446
75.000000    130.000000  0.239276
75.000000    135.000000  0.237305
75.000000    140.000000  0.234500
75.000000    145.000000  0.230816
75.000000    150.000000  0.226189
75.000000    155.000000  0.220537
75.000000    160.000000  0.213756
75.000000    165.000000  0.205713
75.000000    170.000000  0.233422
75.000000    175.000000  0.250148
75.000000    180.000000  0.258783
80.000000    0.000000  0.143931
80.000000    5.000000  0.150242
80.000000    10.000000  0.155480
80.000000    15.000000  0.159695
80.000000    20.000000  0.162927
80.000000    25.000000  0.165212
80.000000    30.000000  0.166573
80.000000    35.000000  0.167025
80.000000    40.000000  0.188110
80.000000    45.000000  0.204779
80.000000    50.000000  0.217902
80.000000    55.000000  0.228375
80.000000    60.000000  0.236778
80.000000    65.000000  0.243497
80.000000    70.000000  0.248818
80.000000    75.000000  0.252941
80.000000    80.000000  0.256055
80.000000    85.000000  0.258111
80.000000    90.000000  0.259330
80.000000    95.000000  0.259717
80.000000    100.000000  0.259299
80.000000    105.000000  0.258073
80.000000    110.000000  0.256035
80.000000    115.000000  0.253148
80.000000    120.000000  0.249361
80.000000    125.000000  0.244658
80.000000    130.000000  0.244289
80.000000    135.000000  0.243177
80.000000    140.000000  0.241302
80.000000    145.000000  0.238628
80.000000    150.000000  0.235106
80.000000    155.000000  0.230666
80.000000    160.000000  0.225219
80.000000    165.000000  0.218648
80.000000    170.000000  0.210802
80.000000    175.000000  0.235509
80.000000    180.000000  0.246878
85.000000    0.000000  0.129285
85.000000    5.000000  0.136380
85.000000    10.000000  0.142403
85.000000    15.000000  0.147404
85.000000    20.000000  0.151429
85.000000    25.000000  0.154517
85.000000    30.000000  0.156700
85.000000    35.000000  0.158000
85.000000    40.000000  0.158432
85.000000    45.000000  0.179688
85.000000    50.000000  0.196707
85.000000    55.000000  0.210251
85.000000    60.000000  0.221170
85.000000    65.000000  0.230027
85.000000    70.000000  0.237207
85.000000    75.000000  0.243001
85.000000    80.000000  0.247616
85.000000    85.000000  0.251254
85.000000    90.000000  0.253863
85.000000    95.000000  0.255686
85.000000    100.000000  0.256735
85.000000    105.000000  0.257045
85.000000    110.000000  0.256628
85.000000    115.000000  0.255491
85.000000    120.000000  0.253613
85.000000    125.000000  0.250959
85.000000    130.000000  0.247522
85.000000    135.000000  0.247174
85.000000    140.000000  0.246122
85.000000    145.000000  0.244346
85.000000    150.000000  0.241808
85.000000    155.000000  0.238454
85.000000    160.000000  0.234209
85.000000    165.000000  0.228974
85.000000    170.000000  0.222618
85.000000    175.000000  0.214973
85.000000    180.000000  0.232628
90.000000    0.000000  0.113392
90.000000    5.000000  0.121161
90.000000    10.000000  0.127874
90.000000    15.000000  0.133575
90.000000    20.000000  0.138311
90.000000    25.000000  0.142124
90.000000    30.000000  0.145051
90.000000    35.000000  0.147120
90.000000    40.000000  0.148353
90.000000    45.000000  0.148763
90.000000    50.000000  0.170169
90.000000    55.000000  0.187510
90.000000    60.000000  0.201449
90.000000    65.000000  0.212797
90.000000    70.000000  0.222102
90.000000    75.000000  0.229751
90.000000    80.000000  0.236033
90.000000    85.000000  0.241164
90.000000    90.000000  0.245356
90.000000    95.000000  0.248556
90.000000    100.000000  0.251029
90.000000    105.000000  0.252790
90.000000    110.000000  0.253884
90.000000    115.000000  0.254339
90.000000    120.000000  0.254172
90.000000    125.000000  0.253377
90.000000    130.000000  0.251935
90.000000    135.000000  0.249932
90.000000    140.000000  0.249604
90.000000    145.000000  0.248612
90.000000    150.000000  0.246934
90.000000    155.000000  0.244529
90.000000    160.000000  0.241338
90.000000    165.000000  0.237280
90.000000    170.000000  0.232247
90.000000    175.000000  0.226095
90.000000    180.000000  0.218636
95.000000    0.000000  0.129285
95.000000    5.000000  0.121161
95.000000    10.000000  0.129395
95.000000    15.000000  0.136504
95.000000    20.000000  0.142538
95.000000    25.000000  0.147548
95.000000    30.000000  0.151580
95.000000    35.000000  0.154674
95.000000    40.000000  0.156861
95.000000    45.000000  0.158164
95.000000    50.000000  0.158597
95.000000    55.000000  0.180079
95.000000    60.000000  0.197587
95.000000    65.000000  0.211723
95.000000    70.000000  0.223270
95.000000    75.000000  0.232758
95.000000    80.000000  0.240564
95.000000    85.000000  0.246972
95.000000    90.000000  0.252194
95.000000    95.000000  0.256444
95.000000    100.000000  0.259661
95.000000    105.000000  0.262113
95.000000    110.000000  0.263815
95.000000    115.000000  0.264807
95.000000    120.000000  0.265118
95.000000    125.000000  0.264759
95.000000    130.000000  0.263724
95.000000    135.000000  0.261986
95.000000    140.000000  0.259636
95.000000    145.000000  0.259283
95.000000    150.000000  0.258216
95.000000    155.000000  0.256411
95.000000    160.000000  0.253826
95.000000    165.000000  0.250399
95.000000    170.000000  0.246045
95.000000    175.000000  0.240649
95.000000    180.000000  0.234064
100.000000    0.000000  0.143931
100.000000    5.000000  0.136380
100.000000    10.000000  0.127874
100.000000    15.000000  0.136504
100.000000    20.000000  0.143950
100.000000    25.000000  0.150267
100.000000    30.000000  0.155510
100.000000    35.000000  0.159728
100.000000    40.000000  0.162964
100.000000    45.000000  0.165251
100.000000    50.000000  0.166613
100.000000    55.000000  0.167066
100.000000    60.000000  0.188608
100.000000    65.000000  0.206242
100.000000    70.000000  0.220530
100.000000    75.000000  0.232228
100.000000    80.000000  0.241854
100.000000    85.000000  0.249776
100.000000    90.000000  0.256275
100.000000    95.000000  0.261560
100.000000    100.000000  0.265844
100.000000    105.000000  0.269059
100.000000    110.000000  0.271480
100.000000    115.000000  0.273115
100.000000    120.000000  0.274006
100.000000    125.000000  0.274176
100.000000    130.000000  0.273637
100.000000    135.000000  0.272378
100.000000    140.000000  0.270367
100.000000    145.000000  0.267699
100.000000    150.000000  0.267325
100.000000    155.000000  0.266194
100.000000    160.000000  0.264281
100.000000    165.000000  0.261542
100.000000    170.000000  0.257913
100.000000    175.000000  0.253306
100.000000    180.000000  0.247602
105.000000    0.000000  0.156832
105.000000    5.000000  0.150242
105.000000    10.000000  0.142403
105.000000    15.000000  0.133575
105.000000    20.000000  0.142538
105.000000    25.000000  0.150267
105.000000    30.000000  0.156821
105.000000    35.000000  0.162260
105.000000    40.000000  0.166634
105.000000    45.000000  0.169989
105.000000    50.000000  0.172360
105.000000    55.000000  0.173772
105.000000    60.000000  0.174241
105.000000    65.000000  0.195828
105.000000    70.000000  0.213560
105.000000    75.000000  0.227964
105.000000    80.000000  0.239777
105.000000    85.000000  0.249508
105.000000    90.000000  0.257517
105.000000    95.000000  0.264082
105.000000    100.000000  0.269408
105.000000    105.000000  0.273711
105.000000    110.000000  0.276915
105.000000    115.000000  0.279299
105.000000    120.000000  0.280868
105.000000    125.000000  0.281662
105.000000    130.000000  0.281704
105.000000    135.000000  0.281001
105.000000    140.000000  0.279540
105.000000    145.000000  0.277285
105.000000    150.000000  0.274334
105.000000    155.000000  0.273942
105.000000    160.000000  0.272757
105.000000    165.000000  0.270753
105.000000    170.000000  0.267885
105.000000    175.000000  0.264087
105.000000    180.000000  0.259267
110.000000    0.000000  0.167880
110.000000    5.000000  0.162266
110.000000    10.000000  0.155480
110.000000    15.000000  0.147404
110.000000    20.000000  0.138311
110.000000    25.000000  0.147548
110.000000    30.000000  0.155510
110.000000    35.000000  0.162260
110.000000    40.000000  0.167859
110.000000    45.000000  0.172361
110.000000    50.000000  0.175814
110.000000    55.000000  0.178253
110.000000    60.000000  0.179706
110.000000    65.000000  0.180189
110.000000    70.000000  0.201811
110.000000    75.000000  0.219617
110.000000    80.000000  0.234109
110.000000    85.000000  0.246011
110.000000    90.000000  0.255821
110.000000    95.000000  0.263894
110.000000    100.000000  0.270506
110.000000    105.000000  0.275860
110.000000    110.000000  0.280172
110.000000    115.000000  0.283361
110.000000    120.000000  0.285707
110.000000    125.000000  0.287215
110.000000    130.000000  0.287922
110.000000    135.000000  0.287850
110.000000    140.000000  0.287004
110.000000    145.000000  0.285369
110.000000    150.000000  0.282904
110.000000    155.000000  0.279709
110.000000    160.000000  0.279302
110.000000    165.000000  0.278073
110.000000    170.000000  0.275994
110.000000    175.000000  0.273019
110.000000    180.000000  0.269081
115.000000    0.000000  0.176992
115.000000    5.000000  0.172380
115.000000    10.000000  0.166638
115.000000    15.000000  0.159695
115.000000    20.000000  0.151429
115.000000    25.000000  0.142124
115.000000    30.000000  0.151580
115.000000    35.000000  0.159728
115.000000    40.000000  0.166634
115.000000    45.000000  0.172361
115.000000    50.000000  0.176966
115.000000    55.000000  0.180497
115.000000    60.000000  0.182991
115.000000    65.000000  0.184477
115.000000    70.000000  0.184970
115.000000    75.000000  0.206618
115.000000    80.000000  0.224481
115.000000    85.000000  0.239040
115.000000    90.000000  0.251007
115.000000    95.000000  0.260875
115.000000    100.000000  0.268996
115.000000    105.000000  0.275642
115.000000    110.000000  0.281014
115.000000    115.000000  0.285329
115.000000    120.000000  0.288500
115.000000    125.000000  0.290813
115.000000    130.000000  0.292267
115.000000    135.000000  0.292901
115.000000    140.000000  0.292733
115.000000    145.000000  0.291768
115.000000    150.000000  0.289987
115.000000    155.000000  0.287348
115.000000    160.000000  0.283951
115.000000    165.000000  0.283533
115.000000    170.000000  0.282267
115.000000    175.000000  0.280128
115.000000    180.000000  0.277069
120.000000    0.000000  0.184112
120.000000    5.000000  0.180521
120.000000    10.000000  0.175831
120.000000    15.000000  0.169990
120.000000    20.000000  0.162927
120.000000    25.000000  0.154517
120.000000    30.000000  0.145051
120.000000    35.000000  0.154674
120.000000    40.000000  0.162964
120.000000    45.000000  0.169989
120.000000    50.000000  0.175814
120.000000    55.000000  0.180497
120.000000    60.000000  0.184087
120.000000    65.000000  0.186623
120.000000    70.000000  0.188134
120.000000    75.000000  0.188635
120.000000    80.000000  0.210302
120.000000    85.000000  0.228206
120.000000    90.000000  0.242813
120.000000    95.000000  0.254829
120.000000    100.000000  0.264739
120.000000    105.000000  0.272893
120.000000    110.000000  0.279562
120.000000    115.000000  0.284946
120.000000    120.000000  0.289260
120.000000    125.000000  0.292417
120.000000    130.000000  0.294701
120.000000    135.000000  0.296112
120.000000    140.000000  0.296687
120.000000    145.000000  0.296443
120.000000    150.000000  0.295384
120.000000    155.000000  0.293489
120.000000    160.000000  0.290713
120.000000    165.000000  0.287158
120.000000    170.000000  0.286730
120.000000    175.000000  0.285438
120.000000    180.000000  0.283253
125.000000    0.000000  0.189205
125.000000    5.000000  0.186647
125.000000    10.000000  0.183014
125.000000    15.000000  0.178269
125.000000    20.000000  0.172360
125.000000    25.000000  0.165212
125.000000    30.000000  0.156700
125.000000    35.000000  0.147120
125.000000    40.000000  0.156861
125.000000    45.000000  0.165251
125.000000    50.000000  0.172360
125.000000    55.000000  0.178253
125.000000    60.000000  0.182991
125.000000    65.000000  0.186623
125.000000    70.000000  0.189189
125.000000    75.000000  0.190717
125.000000    80.000000  0.191224
125.000000    85.000000  0.212904
125.000000    90.000000  0.230836
125.000000    95.000000  0.245476
125.000000    100.000000  0.257524
125.000000    105.000000  0.267463
125.000000    110.000000  0.275640
125.000000    115.000000  0.282323
125.000000    120.000000  0.287714
125.000000    125.000000  0.292027
125.000000    130.000000  0.295172
125.000000    135.000000  0.297435
125.000000    140.000000  0.298815
125.000000    145.000000  0.299347
125.000000    150.000000  0.299048
125.000000    155.000000  0.297920
125.000000    160.000000  0.295943
125.000000    165.000000  0.293069
125.000000    170.000000  0.289401
125.000000    175.000000  0.288967
125.000000    180.000000  0.287655
130.000000    0.000000  0.192236
130.000000    5.000000  0.190732
130.000000    10.000000  0.188157
130.000000    15.000000  0.184499
130.000000    20.000000  0.179722
130.000000    25.000000  0.173771
130.000000    30.000000  0.166573
130.000000    35.000000  0.158000
130.000000    40.000000  0.148353
130.000000    45.000000  0.158164
130.000000    50.000000  0.166613
130.000000    55.000000  0.173772
130.000000    60.000000  0.179706
130.000000    65.000000  0.184477
130.000000    70.000000  0.188134
130.000000    75.000000  0.190717
130.000000    80.000000  0.192255
130.000000    85.000000  0.192766
130.000000    90.000000  0.214454
130.000000    95.000000  0.232401
130.000000    100.000000  0.247061
130.000000    105.000000  0.259128
130.000000    110.000000  0.269083
130.000000    115.000000  0.277272
130.000000    120.000000  0.283965
130.000000    125.000000  0.289359
130.000000    130.000000  0.293671
130.000000    135.000000  0.296808
130.000000    140.000000  0.299058
130.000000    145.000000  0.300418
130.000000    150.000000  0.300924
130.000000    155.000000  0.300592
130.000000    160.000000  0.299424
130.000000    165.000000  0.297397
130.000000    170.000000  0.294464
130.000000    175.000000  0.290727
130.000000    180.000000  0.290290
135.000000    0.000000  0.193486
135.000000    5.000000  0.192746
135.000000    10.000000  0.191239
135.000000    15.000000  0.188658
135.000000    20.000000  0.184993
135.000000    25.000000  0.180204
135.000000    30.000000  0.174239
135.000000    35.000000  0.167025
135.000000    40.000000  0.158432
135.000000    45.000000  0.148763
135.000000    50.000000  0.158597
135.000000    55.000000  0.167066
135.000000    60.000000  0.174241
135.000000    65.000000  0.180189
135.000000    70.000000  0.184970
135.000000    75.000000  0.188635
135.000000    80.000000  0.191224
135.000000    85.000000  0.192766
135.000000    90.000000  0.193278
135.000000    95.000000  0.214968
135.000000    100.000000  0.232921
135.000000    105.000000  0.247587
135.000000    110.000000  0.259660
135.000000    115.000000  0.269620
135.000000    120.000000  0.277814
135.000000    125.000000  0.284509
135.000000    130.000000  0.289905
135.000000    135.000000  0.294216
135.000000    140.000000  0.297350
135.000000    145.000000  0.299596
135.000000    150.000000  0.300950
135.000000    155.000000  0.301447
135.000000    160.000000  0.301104
135.000000    165.000000  0.299922
135.000000    170.000000  0.297879
135.000000    175.000000  0.294926
135.000000    180.000000  0.291167
140.000000    0.000000  0.215618
140.000000    5.000000  0.204303
140.000000    10.000000  0.209209
140.000000    15.000000  0.209785
140.000000    20.000000  0.208225
140.000000    25.000000  0.205159
140.000000    30.000000  0.200784
140.000000    35.000000  0.195110
140.000000    40.000000  0.188110
140.000000    45.000000  0.179688
140.000000    50.000000  0.170169
140.000000    55.000000  0.180079
140.000000    60.000000  0.188608
140.000000    65.000000  0.195828
140.000000    70.000000  0.201811
140.000000    75.000000  0.206618
140.000000    80.000000  0.210302
140.000000    85.000000  0.212904
140.000000    90.000000  0.214454
140.000000    95.000000  0.214968
140.000000    100.000000  0.236652
140.000000    105.000000  0.254588
140.000000    110.000000  0.269230
140.000000    115.000000  0.281269
140.000000    120.000000  0.291187
140.000000    125.000000  0.299329
140.000000    130.000000  0.305959
140.000000    135.000000  0.311275
140.000000    140.000000  0.315486
140.000000    145.000000  0.318494
140.000000    150.000000  0.320574
140.000000    155.000000  0.321706
140.000000    160.000000  0.321893
140.000000    165.000000  0.321090
140.000000    170.000000  0.319168
140.000000    175.000000  0.315758
140.000000    180.000000  0.309515
145.000000    0.000000  0.235112
145.000000    5.000000  0.225215
145.000000    10.000000  0.213478
145.000000    15.000000  0.220159
145.000000    20.000000  0.222572
145.000000    25.000000  0.222310
145.000000    30.000000  0.220173
145.000000    35.000000  0.216489
145.000000    40.000000  0.211351
145.000000    45.000000  0.204779
145.000000    50.000000  0.196707
145.000000    55.000000  0.187510
145.000000    60.000000  0.197587
145.000000    65.000000  0.206242
145.000000    70.000000  0.213560
145.000000    75.000000  0.219617
145.000000    80.000000  0.224481
145.000000    85.000000  0.228206
145.000000    90.000000  0.230836
145.000000    95.000000  0.232401
145.000000    100.000000  0.232921
145.000000    105.000000  0.254588
145.000000    110.000000  0.272482
145.000000    115.000000  0.287059
145.000000    120.000000  0.299014
145.000000    125.000000  0.308826
145.000000    130.000000  0.316840
145.000000    135.000000  0.323314
145.000000    140.000000  0.328440
145.000000    145.000000  0.332417
145.000000    150.000000  0.335132
145.000000    155.000000  0.336837
145.000000    160.000000  0.337475
145.000000    165.000000  0.336991
145.000000    170.000000  0.335232
145.000000    175.000000  0.331861
145.000000    180.000000  0.326047
150.000000    0.000000  0.251846
150.000000    5.000000  0.243369
150.000000    10.000000  0.233183
150.000000    15.000000  0.221100
150.000000    20.000000  0.228485
150.000000    25.000000  0.232063
150.000000    30.000000  0.232831
150.000000    35.000000  0.231540
150.000000    40.000000  0.228547
150.000000    45.000000  0.223985
150.000000    50.000000  0.217902
150.000000    55.000000  0.210251
150.000000    60.000000  0.201449
150.000000    65.000000  0.211723
150.000000    70.000000  0.220530
150.000000    75.000000  0.227964
150.000000    80.000000  0.234109
150.000000    85.000000  0.239040
150.000000    90.000000  0.242813
150.000000    95.000000  0.245476
150.000000    100.000000  0.247061
150.000000    105.000000  0.247587
150.000000    110.000000  0.269230
150.000000    115.000000  0.287059
150.000000    120.000000  0.301540
150.000000    125.000000  0.313372
150.000000    130.000000  0.323035
150.000000    135.000000  0.330868
150.000000    140.000000  0.337128
150.000000    145.000000  0.341995
150.000000    150.000000  0.345658
150.000000    155.000000  0.347986
150.000000    160.000000  0.349205
150.000000    165.000000  0.349216
150.000000    170.000000  0.347901
150.000000    175.000000  0.345002
150.000000    180.000000  0.339991
155.000000    0.000000  0.265861
155.000000    5.000000  0.258779
155.000000    10.000000  0.250110
155.000000    15.000000  0.239690
155.000000    20.000000  0.227326
155.000000    25.000000  0.235036
155.000000    30.000000  0.239373
155.000000    35.000000  0.240921
155.000000    40.000000  0.240341
155.000000    45.000000  0.237973
155.000000    50.000000  0.233964
155.000000    55.000000  0.228375
155.000000    60.000000  0.221170
155.000000    65.000000  0.212797
155.000000    70.000000  0.223270
155.000000    75.000000  0.232228
155.000000    80.000000  0.239777
155.000000    85.000000  0.246011
155.000000    90.000000  0.251007
155.000000    95.000000  0.254829
155.000000    100.000000  0.257524
155.000000    105.000000  0.259128
155.000000    110.000000  0.259660
155.000000    115.000000  0.281269
155.000000    120.000000  0.299014
155.000000    125.000000  0.313372
155.000000    130.000000  0.325049
155.000000    135.000000  0.334525
155.000000    140.000000  0.342140
155.000000    145.000000  0.348142
155.000000    150.000000  0.352704
155.000000    155.000000  0.356001
155.000000    160.000000  0.357887
155.000000    165.000000  0.358557
155.000000    170.000000  0.357876
155.000000    175.000000  0.355664
155.000000    180.000000  0.351569
160.000000    0.000000  0.277216
160.000000    5.000000  0.271493
160.000000    10.000000  0.264288
160.000000    15.000000  0.255467
160.000000    20.000000  0.244863
160.000000    25.000000  0.232276
160.000000    30.000000  0.240154
160.000000    35.000000  0.245018
160.000000    40.000000  0.247171
160.000000    45.000000  0.247184
160.000000    50.000000  0.245374
160.000000    55.000000  0.241882
160.000000    60.000000  0.236778
160.000000    65.000000  0.230027
160.000000    70.000000  0.222102
160.000000    75.000000  0.232758
160.000000    80.000000  0.241854
160.000000    85.000000  0.249508
160.000000    90.000000  0.255821
160.000000    95.000000  0.260875
160.000000    100.000000  0.264739
160.000000    105.000000  0.267463
160.000000    110.000000  0.269083
160.000000    115.000000  0.269620
160.000000    120.000000  0.291187
160.000000    125.000000  0.308826
160.000000    130.000000  0.323035
160.000000    135.000000  0.334525
160.000000    140.000000  0.343782
160.000000    145.000000  0.351142
160.000000    150.000000  0.356850
160.000000    155.000000  0.361071
160.000000    160.000000  0.363963
160.000000    165.000000  0.365367
160.000000    170.000000  0.365450
160.000000    175.000000  0.364040
160.000000    180.000000  0.360904
165.000000    0.000000  0.285967
165.000000    5.000000  0.281564
165.000000    10.000000  0.275768
165.000000    15.000000  0.268470
165.000000    20.000000  0.259534
165.000000    25.000000  0.248790
165.000000    30.000000  0.236035
165.000000    35.000000  0.244016
165.000000    40.000000  0.249272
165.000000    45.000000  0.251915
165.000000    50.000000  0.252438
165.000000    55.000000  0.251130
165.000000    60.000000  0.248127
165.000000    65.000000  0.243497
165.000000    70.000000  0.237207
165.000000    75.000000  0.229751
165.000000    80.000000  0.240564
165.000000    85.000000  0.249776
165.000000    90.000000  0.257517
165.000000    95.000000  0.263894
165.000000    100.000000  0.268996
165.000000    105.000000  0.272893
165.000000    110.000000  0.275640
165.000000    115.000000  0.277272
165.000000    120.000000  0.277814
165.000000    125.000000  0.299329
165.000000    130.000000  0.316840
165.000000    135.000000  0.330868
165.000000    140.000000  0.342140
165.000000    145.000000  0.351142
165.000000    150.000000  0.358213
165.000000    155.000000  0.363591
165.000000    160.000000  0.367434
165.000000    165.000000  0.369888
165.000000    170.000000  0.370777
165.000000    175.000000  0.370241
165.000000    180.000000  0.368077
170.000000    0.000000  0.292176
170.000000    5.000000  0.289060
170.000000    10.000000  0.284619
170.000000    15.000000  0.278771
170.000000    20.000000  0.271408
170.000000    25.000000  0.262391
170.000000    30.000000  0.251550
170.000000    35.000000  0.238678
170.000000    40.000000  0.246742
170.000000    45.000000  0.252315
170.000000    50.000000  0.255374
170.000000    55.000000  0.256352
170.000000    60.000000  0.255511
170.000000    65.000000  0.252978
170.000000    70.000000  0.248818
170.000000    75.000000  0.243001
170.000000    80.000000  0.236033
170.000000    85.000000  0.246972
170.000000    90.000000  0.256275
170.000000    95.000000  0.264082
170.000000    100.000000  0.270506
170.000000    105.000000  0.275642
170.000000    110.000000  0.279562
170.000000    115.000000  0.282323
170.000000    120.000000  0.283965
170.000000    125.000000  0.284509
170.000000    130.000000  0.305959
170.000000    135.000000  0.323314
170.000000    140.000000  0.337128
170.000000    145.000000  0.348142
170.000000    150.000000  0.356850
170.000000    155.000000  0.363591
170.000000    160.000000  0.368601
170.000000    165.000000  0.372028
170.000000    170.000000  0.374004
170.000000    175.000000  0.374344
170.000000    180.000000  0.373157
175.000000    0.000000  0.295883
175.000000    5.000000  0.294026
175.000000    10.000000  0.290894
175.000000    15.000000  0.286430
175.000000    20.000000  0.280552
175.000000    25.000000  0.273150
175.000000    30.000000  0.264086
175.000000    35.000000  0.253187
175.000000    40.000000  0.240245
175.000000    45.000000  0.248400
175.000000    50.000000  0.254253
175.000000    55.000000  0.257686
175.000000    60.000000  0.259086
175.000000    65.000000  0.258694
175.000000    70.000000  0.256624
175.000000    75.000000  0.252941
175.000000    80.000000  0.247616
175.000000    85.000000  0.241164
175.000000    90.000000  0.252194
175.000000    95.000000  0.261560
175.000000    100.000000  0.269408
175.000000    105.000000  0.275860
175.000000    110.000000  0.281014
175.000000    115.000000  0.284946
175.000000    120.000000  0.287714
175.000000    125.000000  0.289359
175.000000    130.000000  0.289905
175.000000    135.000000  0.311275
175.000000    140.000000  0.328440
175.000000    145.000000  0.341995
175.000000    150.000000  0.352704
175.000000    155.000000  0.361071
175.000000    160.000000  0.367434
175.000000    165.000000  0.372028
175.000000    170.000000  0.374993
175.000000    175.000000  0.376447
175.000000    180.000000  0.376195
180.000000    0.000000  0.297148
180.000000    5.000000  0.296532
180.000000    10.000000  0.294671
180.000000    15.000000  0.291533
180.000000    20.000000  0.287061
180.000000    25.000000  0.281171
180.000000    30.000000  0.273755
180.000000    35.000000  0.264673
180.000000    40.000000  0.253753
180.000000    45.000000  0.240786
180.000000    50.000000  0.249042
180.000000    55.000000  0.255168
180.000000    60.000000  0.258965
180.000000    65.000000  0.260780
180.000000    70.000000  0.260835
180.000000    75.000000  0.259239
180.000000    80.000000  0.256055
180.000000    85.000000  0.251254
180.000000    90.000000  0.245356
180.000000    95.000000  0.256444
180.000000    100.000000  0.265844
180.000000    105.000000  0.273711
180.000000    110.000000  0.280172
180.000000    115.000000  0.285329
180.000000    120.000000  0.289260
180.000000    125.000000  0.292027
180.000000    130.000000  0.293671
180.000000    135.000000  0.294216
180.000000    140.000000  0.315486
180.000000    145.000000  0.332417
180.000000    150.000000  0.345658
180.000000    155.000000  0.356001
180.000000    160.000000  0.363963
180.000000    165.000000  0.369888
180.000000    170.000000  0.374004
180.000000    175.000000  0.376447
180.000000    180.000000  0.377320
185.000000    0.000000  0.295883
185.000000    5.000000  0.296498
185.000000    10.000000  0.295883
185.000000    15.000000  0.294026
185.000000    20.000000  0.290894
185.000000    25.000000  0.286430
185.000000    30.000000  0.280552
185.000000    35.000000  0.273150
185.000000    40.000000  0.264086
185.000000    45.000000  0.253187
185.000000    50.000000  0.240245
185.000000    55.000000  0.248632
185.000000    60.000000  0.255021
185.000000    65.000000  0.259165
185.000000    70.000000  0.261386
185.000000    75.000000  0.261889
185.000000    80.000000  0.260777
185.000000    85.000000  0.258111
185.000000    90.000000  0.253863
185.000000    95.000000  0.248556
185.000000    100.000000  0.259661
185.000000    105.000000  0.269059
185.000000    110.000000  0.276915
185.000000    115.000000  0.283361
185.000000    120.000000  0.288500
185.000000    125.000000  0.292417
185.000000    130.000000  0.295172
185.000000    135.000000  0.296808
185.000000    140.000000  0.297350
185.000000    145.000000  0.318494
185.000000    150.000000  0.335132
185.000000    155.000000  0.347986
185.000000    160.000000  0.357887
185.000000    165.000000  0.365367
185.000000    170.000000  0.370777
185.000000    175.000000  0.374344
185.000000    180.000000  0.376195
190.000000    0.000000  0.292176
190.000000    5.000000  0.294023
190.000000    10.000000  0.294636
190.000000    15.000000  0.294023
190.000000    20.000000  0.292176
190.000000    25.000000  0.289060
190.000000    30.000000  0.284619
190.000000    35.000000  0.278771
190.000000    40.000000  0.271408
190.000000    45.000000  0.262391
190.000000    50.000000  0.251550
190.000000    55.000000  0.238678
190.000000    60.000000  0.247223
190.000000    65.000000  0.253894
190.000000    70.000000  0.258407
190.000000    75.000000  0.261056
190.000000    80.000000  0.262032
190.000000    85.000000  0.261436
190.000000    90.000000  0.259330
190.000000    95.000000  0.255686
190.000000    100.000000  0.251029
190.000000    105.000000  0.262113
190.000000    110.000000  0.271480
190.000000    115.000000  0.279299
190.000000    120.000000  0.285707
190.000000    125.000000  0.290813
190.000000    130.000000  0.294701
190.000000    135.000000  0.297435
190.000000    140.000000  0.299058
190.000000    145.000000  0.299596
190.000000    150.000000  0.320574
190.000000    155.000000  0.336837
190.000000    160.000000  0.349205
190.000000    165.000000  0.358557
190.000000    170.000000  0.365450
190.000000    175.000000  0.370241
190.000000    180.000000  0.373157
195.000000    0.000000  0.285967
195.000000    5.000000  0.289055
195.000000    10.000000  0.290887
195.000000    15.000000  0.291494
195.000000    20.000000  0.290887
195.000000    25.000000  0.289055
195.000000    30.000000  0.285967
195.000000    35.000000  0.281564
195.000000    40.000000  0.275768
195.000000    45.000000  0.268470
195.000000    50.000000  0.259534
195.000000    55.000000  0.248790
195.000000    60.000000  0.236035
195.000000    65.000000  0.244779
195.000000    70.000000  0.251765
195.000000    75.000000  0.256671
195.000000    80.000000  0.259774
195.000000    85.000000  0.261257
195.000000    90.000000  0.261217
195.000000    95.000000  0.259717
195.000000    100.000000  0.256735
195.000000    105.000000  0.252790
195.000000    110.000000  0.263815
195.000000    115.000000  0.273115
195.000000    120.000000  0.280868
195.000000    125.000000  0.287215
195.000000    130.000000  0.292267
195.000000    135.000000  0.296112
195.000000    140.000000  0.298815
195.000000    145.000000  0.300418
195.000000    150.000000  0.300950
195.000000    155.000000  0.321706
195.000000    160.000000  0.337475
195.000000    165.000000  0.349216
195.000000    170.000000  0.357876
195.000000    175.000000  0.364040
195.000000    180.000000  0.368077
200.000000    0.000000  0.277216
200.000000    5.000000  0.281563
200.000000    10.000000  0.284613
200.000000    15.000000  0.286421
200.000000    20.000000  0.287021
200.000000    25.000000  0.286421
200.000000    30.000000  0.284613
200.000000    35.000000  0.281563
200.000000    40.000000  0.277216
200.000000    45.000000  0.271493
200.000000    50.000000  0.264288
200.000000    55.000000  0.255467
200.000000    60.000000  0.244863
200.000000    65.000000  0.232276
200.000000    70.000000  0.241267
200.000000    75.000000  0.248603
200.000000    80.000000  0.253938
200.000000    85.000000  0.257534
200.000000    90.000000  0.259567
200.000000    95.000000  0.260134
200.000000    100.000000  0.259299
200.000000    105.000000  0.257045
200.000000    110.000000  0.253884
200.000000    115.000000  0.264807
200.000000    120.000000  0.274006
200.000000    125.000000  0.281662
200.000000    130.000000  0.287922
200.000000    135.000000  0.292901
200.000000    140.000000  0.296687
200.000000    145.000000  0.299347
200.000000    150.000000  0.300924
200.000000    155.000000  0.301447
200.000000    160.000000  0.321893
200.000000    165.000000  0.336991
200.000000    170.000000  0.347901
200.000000    175.000000  0.355664
200.000000    180.000000  0.360904
205.000000    0.000000  0.265861
205.000000    5.000000  0.271486
205.000000    10.000000  0.275760
205.000000    15.000000  0.278758
205.000000    20.000000  0.280536
205.000000    25.000000  0.281126
205.000000    30.000000  0.280536
205.000000    35.000000  0.278758
205.000000    40.000000  0.275760
205.000000    45.000000  0.271486
205.000000    50.000000  0.265861
205.000000    55.000000  0.258779
205.000000    60.000000  0.250110
205.000000    65.000000  0.239690
205.000000    70.000000  0.227326
205.000000    75.000000  0.236618
205.000000    80.000000  0.244351
205.000000    85.000000  0.250160
205.000000    90.000000  0.254299
205.000000    95.000000  0.256937
205.000000    100.000000  0.258173
205.000000    105.000000  0.258073
205.000000    110.000000  0.256628
205.000000    115.000000  0.254339
205.000000    120.000000  0.265118
205.000000    125.000000  0.274176
205.000000    130.000000  0.281704
205.000000    135.000000  0.287850
205.000000    140.000000  0.292733
205.000000    145.000000  0.296443
205.000000    150.000000  0.299048
205.000000    155.000000  0.300592
205.000000    160.000000  0.301104
205.000000    165.000000  0.321090
205.000000    170.000000  0.335232
205.000000    175.000000  0.345002
205.000000    180.000000  0.351569
210.000000    0.000000  0.251846
210.000000    5.000000  0.258771
210.000000    10.000000  0.264274
210.000000    15.000000  0.268454
210.000000    20.000000  0.271387
210.000000    25.000000  0.273127
210.000000    30.000000  0.273703
210.000000    35.000000  0.273127
210.000000    40.000000  0.271387
210.000000    45.000000  0.268454
210.000000    50.000000  0.264274
210.000000    55.000000  0.258771
210.000000    60.000000  0.251846
210.000000    65.000000  0.243369
210.000000    70.000000  0.233183
210.000000    75.000000  0.221100
210.000000    80.000000  0.230752
210.000000    85.000000  0.238939
210.000000    90.000000  0.245281
210.000000    95.000000  0.250024
210.000000    100.000000  0.253335
210.000000    105.000000  0.255316
210.000000    110.000000  0.256035
210.000000    115.000000  0.255491
210.000000    120.000000  0.254172
210.000000    125.000000  0.264759
210.000000    130.000000  0.273637
210.000000    135.000000  0.281001
210.000000    140.000000  0.287004
210.000000    145.000000  0.291768
210.000000    150.000000  0.295384
210.000000    155.000000  0.297920
210.000000    160.000000  0.299424
210.000000    165.000000  0.299922
210.000000    170.000000  0.319168
210.000000    175.000000  0.331861
210.000000    180.000000  0.339991
215.000000    0.000000  0.235112
215.000000    5.000000  0.243351
215.000000    10.000000  0.250083
215.000000    15.000000  0.255434
215.000000    20.000000  0.259499
215.000000    25.000000  0.262351
215.000000    30.000000  0.264043
215.000000    35.000000  0.264604
215.000000    40.000000  0.264043
215.000000    45.000000  0.262351
215.000000    50.000000  0.259499
215.000000    55.000000  0.255434
215.000000    60.000000  0.250083
215.000000    65.000000  0.243351
215.000000    70.000000  0.235112
215.000000    75.000000  0.225215
215.000000    80.000000  0.213478
215.000000    85.000000  0.223558
215.000000    90.000000  0.232265
215.000000    95.000000  0.239209
215.000000    100.000000  0.244630
215.000000    105.000000  0.248697
215.000000    110.000000  0.251511
215.000000    115.000000  0.253148
215.000000    120.000000  0.253613
215.000000    125.000000  0.253377
215.000000    130.000000  0.263724
215.000000    135.000000  0.272378
215.000000    140.000000  0.279540
215.000000    145.000000  0.285369
215.000000    150.000000  0.289987
215.000000    155.000000  0.293489
215.000000    160.000000  0.295943
215.000000    165.000000  0.297397
215.000000    170.000000  0.297879
215.000000    175.000000  0.315758
215.000000    180.000000  0.326047
220.000000    0.000000  0.215618
220.000000    5.000000  0.225163
220.000000    10.000000  0.233112
220.000000    15.000000  0.239609
220.000000    20.000000  0.244773
220.000000    25.000000  0.248698
220.000000    30.000000  0.251452
220.000000    35.000000  0.253086
220.000000    40.000000  0.253627
220.000000    45.000000  0.253086
220.000000    50.000000  0.251452
220.000000    55.000000  0.248698
220.000000    60.000000  0.244773
220.000000    65.000000  0.239609
220.000000    70.000000  0.233112
220.000000    75.000000  0.225163
220.000000    80.000000  0.215618
220.000000    85.000000  0.204303
220.000000    90.000000  0.214895
220.000000    95.000000  0.224203
220.000000    100.000000  0.231832
220.000000    105.000000  0.238021
220.000000    110.000000  0.242939
220.000000    115.000000  0.246692
220.000000    120.000000  0.249361
220.000000    125.000000  0.250959
220.000000    130.000000  0.251935
220.000000    135.000000  0.261986
220.000000    140.000000  0.270367
220.000000    145.000000  0.277285
220.000000    150.000000  0.282904
220.000000    155.000000  0.287348
220.000000    160.000000  0.290713
220.000000    165.000000  0.293069
220.000000    170.000000  0.294464
220.000000    175.000000  0.294926
220.000000    180.000000  0.309515
225.000000    0.000000  0.193486
225.000000    5.000000  0.204304
225.000000    10.000000  0.213435
225.000000    15.000000  0.221042
225.000000    20.000000  0.227263
225.000000    25.000000  0.232208
225.000000    30.000000  0.235967
225.000000    35.000000  0.238606
225.000000    40.000000  0.240172
225.000000    45.000000  0.240690
225.000000    50.000000  0.240172
225.000000    55.000000  0.238606
225.000000    60.000000  0.235967
225.000000    65.000000  0.232208
225.000000    70.000000  0.227263
225.000000    75.000000  0.221042
225.000000    80.000000  0.213435
225.000000    85.000000  0.204304
225.000000    90.000000  0.193486
225.000000    95.000000  0.204673
225.000000    100.000000  0.214674
225.000000    105.000000  0.223087
225.000000    110.000000  0.230145
225.000000    115.000000  0.236025
225.000000    120.000000  0.240834
225.000000    125.000000  0.244658
225.000000    130.000000  0.247522
225.000000    135.000000  0.249932
225.000000    140.000000  0.259636
225.000000    145.000000  0.267699
225.000000    150.000000  0.274334
225.000000    155.000000  0.279709
225.000000    160.000000  0.283951
225.000000    165.000000  0.287158
225.000000    170.000000  0.289401
225.000000    175.000000  0.290727
225.000000    180.000000  0.291167
230.000000    0.000000  0.192236
230.000000    5.000000  0.192974
230.000000    10.000000  0.203768
230.000000    15.000000  0.212879
230.000000    20.000000  0.220470
230.000000    25.000000  0.226677
230.000000    30.000000  0.231612
230.000000    35.000000  0.235363
230.000000    40.000000  0.237996
230.000000    45.000000  0.239558
230.000000    50.000000  0.240076
230.000000    55.000000  0.239558
230.000000    60.000000  0.237996
230.000000    65.000000  0.235363
230.000000    70.000000  0.231612
230.000000    75.000000  0.226677
230.000000    80.000000  0.220470
230.000000    85.000000  0.212879
230.000000    90.000000  0.203768
230.000000    95.000000  0.192974
230.000000    100.000000  0.204185
230.000000    105.000000  0.214209
230.000000    110.000000  0.222641
230.000000    115.000000  0.229719
230.000000    120.000000  0.235618
230.000000    125.000000  0.240446
230.000000    130.000000  0.244289
230.000000    135.000000  0.247174
230.000000    140.000000  0.249604
230.000000    145.000000  0.259283
230.000000    150.000000  0.267325
230.000000    155.000000  0.273942
230.000000    160.000000  0.279302
230.000000    165.000000  0.283533
230.000000    170.000000  0.286730
230.000000    175.000000  0.288967
230.000000    180.000000  0.290290
235.000000    0.000000  0.189205
235.000000    5.000000  0.190698
235.000000    10.000000  0.191432
235.000000    15.000000  0.202154
235.000000    20.000000  0.211205
235.000000    25.000000  0.218746
235.000000    30.000000  0.224913
235.000000    35.000000  0.229816
235.000000    40.000000  0.233543
235.000000    45.000000  0.236159
235.000000    50.000000  0.237711
235.000000    55.000000  0.238225
235.000000    60.000000  0.237711
235.000000    65.000000  0.236159
235.000000    70.000000  0.233543
235.000000    75.000000  0.229816
235.000000    80.000000  0.224913
235.000000    85.000000  0.218746
235.000000    90.000000  0.211205
235.000000    95.000000  0.202154
235.000000    100.000000  0.191432
235.000000    105.000000  0.202717
235.000000    110.000000  0.212806
235.000000    115.000000  0.221300
235.000000    120.000000  0.228436
235.000000    125.000000  0.234391
235.000000    130.000000  0.239276
235.000000    135.000000  0.243177
235.000000    140.000000  0.246122
235.000000    145.000000  0.248612
235.000000    150.000000  0.258216
235.000000    155.000000  0.266194
235.000000    160.000000  0.272757
235.000000    165.000000  0.278073
235.000000    170.000000  0.282267
235.000000    175.000000  0.285438
235.000000    180.000000  0.287655
240.000000    0.000000  0.184112
240.000000    5.000000  0.186640
240.000000    10.000000  0.188117
240.000000    15.000000  0.188844
240.000000    20.000000  0.199444
240.000000    25.000000  0.208393
240.000000    30.000000  0.215850
240.000000    35.000000  0.221949
240.000000    40.000000  0.226798
240.000000    45.000000  0.230485
240.000000    50.000000  0.233073
240.000000    55.000000  0.234608
240.000000    60.000000  0.235116
240.000000    65.000000  0.234608
240.000000    70.000000  0.233073
240.000000    75.000000  0.230485
240.000000    80.000000  0.226798
240.000000    85.000000  0.221949
240.000000    90.000000  0.215850
240.000000    95.000000  0.208393
240.000000    100.000000  0.199444
240.000000    105.000000  0.188844
240.000000    110.000000  0.200252
240.000000    115.000000  0.210451
240.000000    120.000000  0.219046
240.000000    125.000000  0.226277
240.000000    130.000000  0.232327
240.000000    135.000000  0.237305
240.000000    140.000000  0.241302
240.000000    145.000000  0.244346
240.000000    150.000000  0.246934
240.000000    155.000000  0.256411
240.000000    160.000000  0.264281
240.000000    165.000000  0.270753
240.000000    170.000000  0.275994
240.000000    175.000000  0.280128
240.000000    180.000000  0.283253
245.000000    0.000000  0.176992
245.000000    5.000000  0.180523
245.000000    10.000000  0.183010
245.000000    15.000000  0.184463
245.000000    20.000000  0.185179
245.000000    25.000000  0.195606
245.000000    30.000000  0.204411
245.000000    35.000000  0.211749
245.000000    40.000000  0.217751
245.000000    45.000000  0.222524
245.000000    50.000000  0.226152
245.000000    55.000000  0.228700
245.000000    60.000000  0.230211
245.000000    65.000000  0.230712
245.000000    70.000000  0.230211
245.000000    75.000000  0.228700
245.000000    80.000000  0.226152
245.000000    85.000000  0.222524
245.000000    90.000000  0.217751
245.000000    95.000000  0.211749
245.000000    100.000000  0.204411
245.000000    105.000000  0.195606
245.000000    110.000000  0.185179
245.000000    115.000000  0.196763
245.000000    120.000000  0.207116
245.000000    125.000000  0.215851
245.000000    130.000000  0.223216
245.000000    135.000000  0.229394
245.000000    140.000000  0.234500
245.000000    145.000000  0.238628
245.000000    150.000000  0.241808
245.000000    155.000000  0.244529
245.000000    160.000000  0.253826
245.000000    165.000000  0.261542
245.000000    170.000000  0.267885
245.000000    175.000000  0.273019
245.000000    180.000000  0.277069
250.000000    0.000000  0.167880
250.000000    5.000000  0.172390
250.000000    10.000000  0.175842
250.000000    15.000000  0.178275
250.000000    20.000000  0.179696
250.000000    25.000000  0.180399
250.000000    30.000000  0.190598
250.000000    35.000000  0.199214
250.000000    40.000000  0.206395
250.000000    45.000000  0.212271
250.000000    50.000000  0.216943
250.000000    55.000000  0.220495
250.000000    60.000000  0.222990
250.000000    65.000000  0.224469
250.000000    70.000000  0.224960
250.000000    75.000000  0.224469
250.000000    80.000000  0.222990
250.000000    85.000000  0.220495
250.000000    90.000000  0.216943
250.000000    95.000000  0.212271
250.000000    100.000000  0.206395
250.000000    105.000000  0.199214
250.000000    110.000000  0.190598
250.000000    115.000000  0.180399
250.000000    120.000000  0.192210
250.000000    125.000000  0.202763
250.000000    130.000000  0.211678
250.000000    135.000000  0.219210
250.000000    140.000000  0.225550
250.000000    145.000000  0.230816
250.000000    150.000000  0.235106
250.000000    155.000000  0.238454
250.000000    160.000000  0.241338
250.000000    165.000000  0.250399
250.000000    170.000000  0.257913
250.000000    175.000000  0.264087
250.000000    180.000000  0.269081
255.000000    0.000000  0.156832
255.000000    5.000000  0.162284
255.000000    10.000000  0.166665
255.000000    15.000000  0.170020
255.000000    20.000000  0.172384
255.000000    25.000000  0.173766
255.000000    30.000000  0.174452
255.000000    35.000000  0.184367
255.000000    40.000000  0.192744
255.000000    45.000000  0.199730
255.000000    50.000000  0.205445
255.000000    55.000000  0.209992
255.000000    60.000000  0.213449
255.000000    65.000000  0.215877
255.000000    70.000000  0.217317
255.000000    75.000000  0.217794
255.000000    80.000000  0.217317
255.000000    85.000000  0.215877
255.000000    90.000000  0.213449
255.000000    95.000000  0.209992
255.000000    100.000000  0.205445
255.000000    105.000000  0.199730
255.000000    110.000000  0.192744
255.000000    115.000000  0.184367
255.000000    120.000000  0.174452
255.000000    125.000000  0.186547
255.000000    130.000000  0.197343
255.000000    135.000000  0.206474
255.000000    140.000000  0.214206
255.000000    145.000000  0.220736
255.000000    150.000000  0.226189
255.000000    155.000000  0.230666
255.000000    160.000000  0.234209
255.000000    165.000000  0.237280
255.000000    170.000000  0.246045
255.000000    175.000000  0.253306
255.000000    180.000000  0.259267
260.000000    0.000000  0.143931
260.000000    5.000000  0.150281
260.000000    10.000000  0.155538
260.000000    15.000000  0.159762
260.000000    20.000000  0.162998
260.000000    25.000000  0.165279
260.000000    30.000000  0.166613
260.000000    35.000000  0.167278
260.000000    40.000000  0.176846
260.000000    45.000000  0.184934
260.000000    50.000000  0.191680
260.000000    55.000000  0.197201
260.000000    60.000000  0.201594
260.000000    65.000000  0.204935
260.000000    70.000000  0.207281
260.000000    75.000000  0.208673
260.000000    80.000000  0.209134
260.000000    85.000000  0.208673
260.000000    90.000000  0.207281
260.000000    95.000000  0.204935
260.000000    100.000000  0.201594
260.000000    105.000000  0.197201
260.000000    110.000000  0.191680
260.000000    115.000000  0.184934
260.000000    120.000000  0.176846
260.000000    125.000000  0.167278
260.000000    130.000000  0.179715
260.000000    135.000000  0.190798
260.000000    140.000000  0.200179
260.000000    145.000000  0.208137
260.000000    150.000000  0.214879
260.000000    155.000000  0.220537
260.000000    160.000000  0.225219
260.000000    165.000000  0.228974
260.000000    170.000000  0.232247
260.000000    175.000000  0.240649
260.000000    180.000000  0.247602
265.000000    0.000000  0.129285
265.000000    5.000000  0.136492
265.000000    10.000000  0.142557
265.000000    15.000000  0.147580
265.000000    20.000000  0.151618
265.000000    25.000000  0.154712
265.000000    30.000000  0.156893
265.000000    35.000000  0.158169
265.000000    40.000000  0.158810
265.000000    45.000000  0.167964
265.000000    50.000000  0.175706
265.000000    55.000000  0.182166
265.000000    60.000000  0.187454
265.000000    65.000000  0.191663
265.000000    70.000000  0.194865
265.000000    75.000000  0.197113
265.000000    80.000000  0.198447
265.000000    85.000000  0.198890
265.000000    90.000000  0.198447
265.000000    95.000000  0.197113
265.000000    100.000000  0.194865
265.000000    105.000000  0.191663
265.000000    110.000000  0.187454
265.000000    115.000000  0.182166
265.000000    120.000000  0.175706
265.000000    125.000000  0.167964
265.000000    130.000000  0.158810
265.000000    135.000000  0.171649
265.000000    140.000000  0.183060
265.000000    145.000000  0.192718
265.000000    150.000000  0.200920
265.000000    155.000000  0.207885
265.000000    160.000000  0.213756
265.000000    165.000000  0.218648
265.000000    170.000000  0.222618
265.000000    175.000000  0.226095
265.000000    180.000000  0.234064
270.000000    0.000000  0.113392
270.000000    5.000000  0.121066
270.000000    10.000000  0.127870
270.000000    15.000000  0.133600
270.000000    20.000000  0.138348
270.000000    25.000000  0.142167
270.000000    30.000000  0.145093
270.000000    35.000000  0.147157
270.000000    40.000000  0.148366
270.000000    45.000000  0.148978
270.000000    50.000000  0.157644
270.000000    55.000000  0.164977
270.000000    60.000000  0.171100
270.000000    65.000000  0.176114
270.000000    70.000000  0.180105
270.000000    75.000000  0.183142
270.000000    80.000000  0.185276
270.000000    85.000000  0.186541
270.000000    90.000000  0.186961
270.000000    95.000000  0.186541
270.000000    100.000000  0.185276
270.000000    105.000000  0.183142
270.000000    110.000000  0.180105
270.000000    115.000000  0.176114
270.000000    120.000000  0.171100
270.000000    125.000000  0.164977
270.000000    130.000000  0.157644
270.000000    135.000000  0.148978
270.000000    140.000000  0.162281
270.000000    145.000000  0.174056
270.000000    150.000000  0.184007
270.000000    155.000000  0.192456
270.000000    160.000000  0.199640
270.000000    165.000000  0.205713
270.000000    170.000000  0.210802
270.000000    175.000000  0.214973
270.000000    180.000000  0.218636
275.000000    0.000000  0.129285
275.000000    5.000000  0.121066
275.000000    10.000000  0.141790
275.000000    15.000000  0.153276
275.000000    20.000000  0.161135
275.000000    25.000000  0.167045
275.000000    30.000000  0.171572
275.000000    35.000000  0.174988
275.000000    40.000000  0.177415
275.000000    45.000000  0.178916
275.000000    50.000000  0.179796
275.000000    55.000000  0.188135
275.000000    60.000000  0.195183
275.000000    65.000000  0.201061
275.000000    70.000000  0.205871
275.000000    75.000000  0.209698
275.000000    80.000000  0.212609
275.000000    85.000000  0.214653
275.000000    90.000000  0.215866
275.000000    95.000000  0.216268
275.000000    100.000000  0.215866
275.000000    105.000000  0.214653
275.000000    110.000000  0.212609
275.000000    115.000000  0.209698
275.000000    120.000000  0.205871
275.000000    125.000000  0.201061
275.000000    130.000000  0.195183
275.000000    135.000000  0.188135
275.000000    140.000000  0.179796
275.000000    145.000000  0.193313
275.000000    150.000000  0.205066
275.000000    155.000000  0.214762
275.000000    160.000000  0.222679
275.000000    165.000000  0.228940
275.000000    170.000000  0.233422
275.000000    175.000000  0.235509
275.000000    180.000000  0.232628
280.000000    0.000000  0.143931
280.000000    5.000000  0.136492
280.000000    10.000000  0.127870
280.000000    15.000000  0.153276
280.000000    20.000000  0.169172
280.000000    25.000000  0.179988
280.000000    30.000000  0.187924
280.000000    35.000000  0.193900
280.000000    40.000000  0.198402
280.000000    45.000000  0.201677
280.000000    50.000000  0.203869
280.000000    55.000000  0.205347
280.000000    60.000000  0.213619
280.000000    65.000000  0.220583
280.000000    70.000000  0.226374
280.000000    75.000000  0.231104
280.000000    80.000000  0.234861
280.000000    85.000000  0.237715
280.000000    90.000000  0.239718
280.000000    95.000000  0.240906
280.000000    100.000000  0.241299
280.000000    105.000000  0.240906
280.000000    110.000000  0.239718
280.000000    115.000000  0.237715
280.000000    120.000000  0.234861
280.000000    125.000000  0.231104
280.000000    130.000000  0.226374
280.000000    135.000000  0.220583
280.000000    140.000000  0.213619
280.000000    145.000000  0.205347
280.000000    150.000000  0.218701
280.000000    155.000000  0.229885
280.000000    160.000000  0.238585
280.000000    165.000000  0.244990
280.000000    170.000000  0.249024
280.000000    175.000000  0.250148
280.000000    180.000000  0.246878
285.000000    0.000000  0.156832
285.000000    5.000000  0.150281
285.000000    10.000000  0.142557
285.000000    15.000000  0.133600
285.000000    20.000000  0.161135
285.000000    25.000000  0.179988
285.000000    30.000000  0.193266
285.000000    35.000000  0.203130
285.000000    40.000000  0.210621
285.000000    45.000000  0.216334
285.000000    50.000000  0.220601
285.000000    55.000000  0.223630
285.000000    60.000000  0.225842
285.000000    65.000000  0.234182
285.000000    70.000000  0.241172
285.000000    75.000000  0.246964
285.000000    80.000000  0.251683
285.000000    85.000000  0.255423
285.000000    90.000000  0.258261
285.000000    95.000000  0.260249
285.000000    100.000000  0.261428
285.000000    105.000000  0.261818
285.000000    110.000000  0.261428
285.000000    115.000000  0.260249
285.000000    120.000000  0.258261
285.000000    125.000000  0.255423
285.000000    130.000000  0.251683
285.000000    135.000000  0.246964
285.000000    140.000000  0.241172
285.000000    145.000000  0.234182
285.000000    150.000000  0.225842
285.000000    155.000000  0.238796
285.000000    160.000000  0.249034
285.000000    165.000000  0.256246
285.000000    170.000000  0.260547
285.000000    175.000000  0.261683
285.000000    180.000000  0.258783
290.000000    0.000000  0.167880
290.000000    5.000000  0.162284
290.000000    10.000000  0.155538
290.000000    15.000000  0.147580
290.000000    20.000000  0.138348
290.000000    25.000000  0.167045
290.000000    30.000000  0.187924
290.000000    35.000000  0.203130
290.000000    40.000000  0.214648
290.000000    45.000000  0.223529
290.000000    50.000000  0.230411
290.000000    55.000000  0.235676
290.000000    60.000000  0.239569
290.000000    65.000000  0.242556
290.000000    70.000000  0.251029
290.000000    75.000000  0.258099
290.000000    80.000000  0.263937
290.000000    85.000000  0.268680
290.000000    90.000000  0.272432
290.000000    95.000000  0.275273
290.000000    100.000000  0.277262
290.000000    105.000000  0.278440
290.000000    110.000000  0.278830
290.000000    115.000000  0.278440
290.000000    120.000000  0.277262
290.000000    125.000000  0.275273
290.000000    130.000000  0.272432
290.000000    135.000000  0.268680
290.000000    140.000000  0.263937
290.000000    145.000000  0.258099
290.000000    150.000000  0.251029
290.000000    155.000000  0.242556
290.000000    160.000000  0.254931
290.000000    165.000000  0.263889
290.000000    170.000000  0.269189
290.000000    175.000000  0.270917
290.000000    180.000000  0.268700
295.000000    0.000000  0.176992
295.000000    5.000000  0.172390
295.000000    10.000000  0.166665
295.000000    15.000000  0.159762
295.000000    20.000000  0.151618
295.000000    25.000000  0.142167
295.000000    30.000000  0.171572
295.000000    35.000000  0.193900
295.000000    40.000000  0.210621
295.000000    45.000000  0.223529
295.000000    50.000000  0.233638
295.000000    55.000000  0.241596
295.000000    60.000000  0.247808
295.000000    65.000000  0.252547
295.000000    70.000000  0.256302
295.000000    75.000000  0.264933
295.000000    80.000000  0.272103
295.000000    85.000000  0.278005
295.000000    90.000000  0.282787
295.000000    95.000000  0.286561
295.000000    100.000000  0.289415
295.000000    105.000000  0.291411
295.000000    110.000000  0.292592
295.000000    115.000000  0.292983
295.000000    120.000000  0.292592
295.000000    125.000000  0.291411
295.000000    130.000000  0.289415
295.000000    135.000000  0.286561
295.000000    140.000000  0.282787
295.000000    145.000000  0.278005
295.000000    150.000000  0.272103
295.000000    155.000000  0.264933
295.000000    160.000000  0.256302
295.000000    165.000000  0.267901
295.000000    170.000000  0.275175
295.000000    175.000000  0.278069
295.000000    180.000000  0.276721
300.000000    0.000000  0.184112
300.000000    5.000000  0.180523
300.000000    10.000000  0.175842
300.000000    15.000000  0.170020
300.000000    20.000000  0.162998
300.000000    25.000000  0.154712
300.000000    30.000000  0.145093
300.000000    35.000000  0.174988
300.000000    40.000000  0.198402
300.000000    45.000000  0.216334
300.000000    50.000000  0.230411
300.000000    55.000000  0.241596
300.000000    60.000000  0.250528
300.000000    65.000000  0.257623
300.000000    70.000000  0.263166
300.000000    75.000000  0.267670
300.000000    80.000000  0.276456
300.000000    85.000000  0.283728
300.000000    90.000000  0.289695
300.000000    95.000000  0.294516
300.000000    100.000000  0.298315
300.000000    105.000000  0.301183
300.000000    110.000000  0.303187
300.000000    115.000000  0.304372
300.000000    120.000000  0.304764
300.000000    125.000000  0.304372
300.000000    130.000000  0.303187
300.000000    135.000000  0.301183
300.000000    140.000000  0.298315
300.000000    145.000000  0.294516
300.000000    150.000000  0.289695
300.000000    155.000000  0.283728
300.000000    160.000000  0.276456
300.000000    165.000000  0.267670
300.000000    170.000000  0.278181
300.000000    175.000000  0.283138
300.000000    180.000000  0.282920
305.000000    0.000000  0.189205
305.000000    5.000000  0.186640
305.000000    10.000000  0.183010
305.000000    15.000000  0.178275
305.000000    20.000000  0.172384
305.000000    25.000000  0.165279
305.000000    30.000000  0.156893
305.000000    35.000000  0.147157
305.000000    40.000000  0.177415
305.000000    45.000000  0.201677
305.000000    50.000000  0.220601
305.000000    55.000000  0.235676
305.000000    60.000000  0.247808
305.000000    65.000000  0.257623
305.000000    70.000000  0.265536
305.000000    75.000000  0.271843
305.000000    80.000000  0.277064
305.000000    85.000000  0.285989
305.000000    90.000000  0.293350
305.000000    95.000000  0.299372
305.000000    100.000000  0.304227
305.000000    105.000000  0.308046
305.000000    110.000000  0.310924
305.000000    115.000000  0.312933
305.000000    120.000000  0.314120
305.000000    125.000000  0.314512
305.000000    130.000000  0.314120
305.000000    135.000000  0.312933
305.000000    140.000000  0.310924
305.000000    145.000000  0.308046
305.000000    150.000000  0.304227
305.000000    155.000000  0.299372
305.000000    160.000000  0.293350
305.000000    165.000000  0.285989
305.000000    170.000000  0.277064
305.000000    175.000000  0.285807
305.000000    180.000000  0.287268
310.000000    0.000000  0.192236
310.000000    5.000000  0.190698
310.000000    10.000000  0.188117
310.000000    15.000000  0.184463
310.000000    20.000000  0.179696
310.000000    25.000000  0.173766
310.000000    30.000000  0.166613
310.000000    35.000000  0.158169
310.000000    40.000000  0.148366
310.000000    45.000000  0.178916
310.000000    50.000000  0.203869
310.000000    55.000000  0.223630
310.000000    60.000000  0.239569
310.000000    65.000000  0.252547
310.000000    70.000000  0.263166
310.000000    75.000000  0.271843
310.000000    80.000000  0.278873
310.000000    85.000000  0.284786
310.000000    90.000000  0.293822
310.000000    95.000000  0.301250
310.000000    100.000000  0.307311
310.000000    105.000000  0.312187
310.000000    110.000000  0.316014
310.000000    115.000000  0.318895
310.000000    120.000000  0.320904
310.000000    125.000000  0.322090
310.000000    130.000000  0.322482
310.000000    135.000000  0.322090
310.000000    140.000000  0.320904
310.000000    145.000000  0.318895
310.000000    150.000000  0.316014
310.000000    155.000000  0.312187
310.000000    160.000000  0.307311
310.000000    165.000000  0.301250
310.000000    170.000000  0.293822
310.000000    175.000000  0.284786
310.000000    180.000000  0.289680
315.000000    0.000000  0.193486
315.000000    5.000000  0.192974
315.000000    10.000000  0.191432
315.000000    15.000000  0.188844
315.000000    20.000000  0.185179
315.000000    25.000000  0.180399
315.000000    30.000000  0.174452
315.000000    35.000000  0.167278
315.000000    40.000000  0.158810
315.000000    45.000000  0.148978
315.000000    50.000000  0.179796
315.000000    55.000000  0.205347
315.000000    60.000000  0.225842
315.000000    65.000000  0.242556
315.000000    70.000000  0.256302
315.000000    75.000000  0.267670
315.000000    80.000000  0.277064
315.000000    85.000000  0.284786
315.000000    90.000000  0.291249
315.000000    95.000000  0.300375
315.000000    100.000000  0.307855
315.000000    105.000000  0.313943
315.000000    110.000000  0.318830
315.000000    115.000000  0.322659
315.000000    120.000000  0.325538
315.000000    125.000000  0.327543
315.000000    130.000000  0.328726
315.000000    135.000000  0.329118
315.000000    140.000000  0.328726
315.000000    145.000000  0.327543
315.000000    150.000000  0.325538
315.000000    155.000000  0.322659
315.000000    160.000000  0.318830
315.000000    165.000000  0.313943
315.000000    170.000000  0.307855
315.000000    175.000000  0.300375
315.000000    180.000000  0.291249
320.000000    0.000000  0.215618
320.000000    5.000000  0.204304
320.000000    10.000000  0.203768
320.000000    15.000000  0.202154
320.000000    20.000000  0.199444
320.000000    25.000000  0.195606
320.000000    30.000000  0.190598
320.000000    35.000000  0.184367
320.000000    40.000000  0.176846
320.000000    45.000000  0.167964
320.000000    50.000000  0.157644
320.000000    55.000000  0.188135
320.000000    60.000000  0.213619
320.000000    65.000000  0.234182
320.000000    70.000000  0.251029
320.000000    75.000000  0.264933
320.000000    80.000000  0.276456
320.000000    85.000000  0.285989
320.000000    90.000000  0.293822
320.000000    95.000000  0.300375
320.000000    100.000000  0.310057
320.000000    105.000000  0.318002
320.000000    110.000000  0.324475
320.000000    115.000000  0.329675
320.000000    120.000000  0.333752
320.000000    125.000000  0.336819
320.000000    130.000000  0.338956
320.000000    135.000000  0.340217
320.000000    140.000000  0.340634
320.000000    145.000000  0.340217
320.000000    150.000000  0.338956
320.000000    155.000000  0.336819
320.000000    160.000000  0.333752
320.000000    165.000000  0.329675
320.000000    170.000000  0.324475
320.000000    175.000000  0.318002
320.000000    180.000000  0.310057
325.000000    0.000000  0.235112
325.000000    5.000000  0.225163
325.000000    10.000000  0.213435
325.000000    15.000000  0.212879
325.000000    20.000000  0.211205
325.000000    25.000000  0.208393
325.000000    30.000000  0.204411
325.000000    35.000000  0.199214
325.000000    40.000000  0.192744
325.000000    45.000000  0.184934
325.000000    50.000000  0.175706
325.000000    55.000000  0.164977
325.000000    60.000000  0.195183
325.000000    65.000000  0.220583
325.000000    70.000000  0.241172
325.000000    75.000000  0.258099
325.000000    80.000000  0.272103
325.000000    85.000000  0.283728
325.000000    90.000000  0.293350
325.000000    95.000000  0.301250
325.000000    100.000000  0.307855
325.000000    105.000000  0.318002
325.000000    110.000000  0.326337
325.000000    115.000000  0.333134
325.000000    120.000000  0.338597
325.000000    125.000000  0.342883
325.000000    130.000000  0.346109
325.000000    135.000000  0.348356
325.000000    140.000000  0.349683
325.000000    145.000000  0.350122
325.000000    150.000000  0.349683
325.000000    155.000000  0.348356
325.000000    160.000000  0.346109
325.000000    165.000000  0.342883
325.000000    170.000000  0.338597
325.000000    175.000000  0.333134
325.000000    180.000000  0.326337
330.000000    0.000000  0.251846
330.000000    5.000000  0.243351
330.000000    10.000000  0.233112
330.000000    15.000000  0.221042
330.000000    20.000000  0.220470
330.000000    25.000000  0.218746
330.000000    30.000000  0.215850
330.000000    35.000000  0.211749
330.000000    40.000000  0.206395
330.000000    45.000000  0.199730
330.000000    50.000000  0.191680
330.000000    55.000000  0.182166
330.000000    60.000000  0.171100
330.000000    65.000000  0.201061
330.000000    70.000000  0.226374
330.000000    75.000000  0.246964
330.000000    80.000000  0.263937
330.000000    85.000000  0.278005
330.000000    90.000000  0.289695
330.000000    95.000000  0.299372
330.000000    100.000000  0.307311
330.000000    105.000000  0.313943
330.000000    110.000000  0.324475
330.000000    115.000000  0.333134
330.000000    120.000000  0.340198
330.000000    125.000000  0.345880
330.000000    130.000000  0.350340
330.000000    135.000000  0.353697
330.000000    140.000000  0.356036
330.000000    145.000000  0.357418
330.000000    150.000000  0.357875
330.000000    155.000000  0.357418
330.000000    160.000000  0.356036
330.000000    165.000000  0.353697
330.000000    170.000000  0.350340
330.000000    175.000000  0.345880
330.000000    180.000000  0.340198
335.000000    0.000000  0.265861
335.000000    5.000000  0.258771
335.000000    10.000000  0.250083
335.000000    15.000000  0.239609
335.000000    20.000000  0.227263
335.000000    25.000000  0.226677
335.000000    30.000000  0.224913
335.000000    35.000000  0.221949
335.000000    40.000000  0.217751
335.000000    45.000000  0.212271
335.000000    50.000000  0.205445
335.000000    55.000000  0.197201
335.000000    60.000000  0.187454
335.000000    65.000000  0.176114
335.000000    70.000000  0.205871
335.000000    75.000000  0.231104
335.000000    80.000000  0.251683
335.000000    85.000000  0.268680
335.000000    90.000000  0.282787
335.000000    95.000000  0.294516
335.000000    100.000000  0.304227
335.000000    105.000000  0.312187
335.000000    110.000000  0.318830
335.000000    115.000000  0.329675
335.000000    120.000000  0.338597
335.000000    125.000000  0.345880
335.000000    130.000000  0.351741
335.000000    135.000000  0.356342
335.000000    140.000000  0.359805
335.000000    145.000000  0.362220
335.000000    150.000000  0.363647
335.000000    155.000000  0.364118
335.000000    160.000000  0.363647
335.000000    165.000000  0.362220
335.000000    170.000000  0.359805
335.000000    175.000000  0.356342
335.000000    180.000000  0.351741
340.000000    0.000000  0.277216
340.000000    5.000000  0.271486
340.000000    10.000000  0.264274
340.000000    15.000000  0.255434
340.000000    20.000000  0.244773
340.000000    25.000000  0.232208
340.000000    30.000000  0.231612
340.000000    35.000000  0.229816
340.000000    40.000000  0.226798
340.000000    45.000000  0.222524
340.000000    50.000000  0.216943
340.000000    55.000000  0.209992
340.000000    60.000000  0.201594
340.000000    65.000000  0.191663
340.000000    70.000000  0.180105
340.000000    75.000000  0.209698
340.000000    80.000000  0.234861
340.000000    85.000000  0.255423
340.000000    90.000000  0.272432
340.000000    95.000000  0.286561
340.000000    100.000000  0.298315
340.000000    105.000000  0.308046
340.000000    110.000000  0.316014
340.000000    115.000000  0.322659
340.000000    120.000000  0.333752
340.000000    125.000000  0.342883
340.000000    130.000000  0.350340
340.000000    135.000000  0.356342
340.000000    140.000000  0.361055
340.000000    145.000000  0.364604
340.000000    150.000000  0.367078
340.000000    155.000000  0.368540
340.000000    160.000000  0.369023
340.000000    165.000000  0.368540
340.000000    170.000000  0.367078
340.000000    175.000000  0.364604
340.000000    180.000000  0.361055
345.000000    0.000000  0.285967
345.000000    5.000000  0.281563
345.000000    10.000000  0.275760
345.000000    15.000000  0.268454
345.000000    20.000000  0.259499
345.000000    25.000000  0.248698
345.000000    30.000000  0.235967
345.000000    35.000000  0.235363
345.000000    40.000000  0.233543
345.000000    45.000000  0.230485
345.000000    50.000000  0.226152
345.000000    55.000000  0.220495
345.000000    60.000000  0.213449
345.000000    65.000000  0.204935
345.000000    70.000000  0.194865
345.000000    75.000000  0.183142
345.000000    80.000000  0.212609
345.000000    85.000000  0.237715
345.000000    90.000000  0.258261
345.000000    95.000000  0.275273
345.000000    100.000000  0.289415
345.000000    105.000000  0.301183
345.000000    110.000000  0.310924
345.000000    115.000000  0.318895
345.000000    120.000000  0.325538
345.000000    125.000000  0.336819
345.000000    130.000000  0.346109
345.000000    135.000000  0.353697
345.000000    140.000000  0.359805
345.000000    145.000000  0.364604
345.000000    150.000000  0.368217
345.000000    155.000000  0.370737
345.000000    160.000000  0.372225
345.000000    165.000000  0.372718
345.000000    170.000000  0.372225
345.000000    175.000000  0.370737
345.000000    180.000000  0.368217
350.000000    0.000000  0.292176
350.000000    5.000000  0.289055
350.000000    10.000000  0.284613
350.000000    15.000000  0.278758
350.000000    20.000000  0.271387
350.000000    25.000000  0.262351
350.000000    30.000000  0.251452
350.000000    35.000000  0.238606
350.000000    40.000000  0.237996
350.000000    45.000000  0.236159
350.000000    50.000000  0.233073
350.000000    55.000000  0.228700
350.000000    60.000000  0.222990
350.000000    65.000000  0.215877
350.000000    70.000000  0.207281
350.000000    75.000000  0.197113
350.000000    80.000000  0.185276
350.000000    85.000000  0.214653
350.000000    90.000000  0.239718
350.000000    95.000000  0.260249
350.000000    100.000000  0.277262
350.000000    105.000000  0.291411
350.000000    110.000000  0.303187
350.000000    115.000000  0.312933
350.000000    120.000000  0.320904
350.000000    125.000000  0.327543
350.000000    130.000000  0.338956
350.000000    135.000000  0.348356
350.000000    140.000000  0.356036
350.000000    145.000000  0.362220
350.000000    150.000000  0.367078
350.000000    155.000000  0.370737
350.000000    160.000000  0.373289
350.000000    165.000000  0.374796
350.000000    170.000000  0.375294
350.000000    175.000000  0.374796
350.000000    180.000000  0.373289
355.000000    0.000000  0.295883
355.000000    5.000000  0.294023
355.000000    10.000000  0.290887
355.000000    15.000000  0.286421
355.000000    20.000000  0.280536
355.000000    25.000000  0.273127
355.000000    30.000000  0.264043
355.000000    35.000000  0.253086
355.000000    40.000000  0.240172
355.000000    45.000000  0.239558
355.000000    50.000000  0.237711
355.000000    55.000000  0.234608
355.000000    60.000000  0.230211
355.000000    65.000000  0.224469
355.000000    70.000000  0.217317
355.000000    75.000000  0.208673
355.000000    80.000000  0.198447
355.000000    85.000000  0.186541
355.000000    90.000000  0.215866
355.000000    95.000000  0.240906
355.000000    100.000000  0.261428
355.000000    105.000000  0.278440
355.000000    110.000000  0.292592
355.000000    115.000000  0.304372
355.000000    120.000000  0.314120
355.000000    125.000000  0.322090
355.000000    130.000000  0.328726
355.000000    135.000000  0.340217
355.000000    140.000000  0.349683
355.000000    145.000000  0.357418
355.000000    150.000000  0.363647
355.000000    155.000000  0.368540
355.000000    160.000000  0.372225
355.000000    165.000000  0.374796
355.000000    170.000000  0.376314
355.000000    175.000000  0.376816
355.000000    180.000000  0.376314
360.000000    0.000000  0.297148
360.000000    5.000000  0.296498
360.000000    10.000000  0.294636
360.000000    15.000000  0.291494
360.000000    20.000000  0.287021
360.000000    25.000000  0.281126
360.000000    30.000000  0.273703
360.000000    35.000000  0.264604
360.000000    40.000000  0.253627
360.000000    45.000000  0.240690
360.000000    50.000000  0.240076
360.000000    55.000000  0.238225
360.000000    60.000000  0.235116
360.000000    65.000000  0.230712
360.000000    70.000000  0.224960
360.000000    75.000000  0.217794
360.000000    80.000000  0.209134
360.000000    85.000000  0.198890
360.000000    90.000000  0.186961
360.000000    95.000000  0.216268
360.000000    100.000000  0.241299
360.000000    105.000000  0.261818
360.000000    110.000000  0.278830
360.000000    115.000000  0.292983
360.000000    120.000000  0.304764
360.000000    125.000000  0.314512
360.000000    130.000000  0.322482
360.000000    135.000000  0.329118
360.000000    140.000000  0.340634
360.000000    145.000000  0.350122
360.000000    150.000000  0.357875
360.000000    155.000000  0.364118
360.000000    160.000000  0.369023
360.000000    165.000000  0.372718
360.000000    170.000000  0.375294
360.000000    175.000000  0.376816
360.000000    180.000000  0.377320
