0.000000    0.000000  0.018645
0.000000    5.000000  0.018573
0.000000    10.000000  0.018360
0.000000    15.000000  0.018004
0.000000    20.000000  0.017504
0.000000    25.000000  0.016833
0.000000    30.000000  0.016091
0.000000    35.000000  0.016835
0.000000    40.000000  0.017451
0.000000    45.000000  0.017935
0.000000    50.000000  0.018283
0.000000    55.000000  0.018493
0.000000    60.000000  0.018563
0.000000    65.000000  0.018493
0.000000    70.000000  0.018283
0.000000    75.000000  0.017935
0.000000    80.000000  0.017451
0.000000    85.000000  0.016834
0.000000    90.000000  0.016091
0.000000    95.000000  0.024733
0.000000    100.000000  0.036276
0.000000    105.000000  0.045531
0.000000    110.000000  0.053236
0.000000    115.000000  0.059751
0.000000    120.000000  0.065289
0.000000    125.000000  0.070002
0.000000    130.000000  0.073974
0.000000    135.000000  0.077420
0.000000    140.000000  0.080295
0.000000    145.000000  0.082646
0.000000    150.000000  0.084687
0.000000    155.000000  0.086686
0.000000    160.000000  0.088275
0.000000    165.000000  0.089484
0.000000    170.000000  0.090333
0.000000    175.000000  0.090837
0.000000    180.000000  0.091004
5.000000    0.000000  0.018503
5.000000    5.000000  0.018574
5.000000    10.000000  0.018503
5.000000    15.000000  0.018291
5.000000    20.000000  0.017937
5.000000    25.000000  0.017438
5.000000    30.000000  0.016770
5.000000    35.000000  0.016030
5.000000    40.000000  0.016771
5.000000    45.000000  0.017385
5.000000    50.000000  0.017867
5.000000    55.000000  0.018214
5.000000    60.000000  0.018423
5.000000    65.000000  0.018493
5.000000    70.000000  0.018423
5.000000    75.000000  0.018214
5.000000    80.000000  0.017867
5.000000    85.000000  0.017384
5.000000    90.000000  0.016771
5.000000    95.000000  0.016030
5.000000    100.000000  0.024671
5.000000    105.000000  0.036209
5.000000    110.000000  0.045455
5.000000    115.000000  0.053151
5.000000    120.000000  0.059657
5.000000    125.000000  0.065185
5.000000    130.000000  0.069889
5.000000    135.000000  0.073853
5.000000    140.000000  0.077292
5.000000    145.000000  0.080160
5.000000    150.000000  0.082506
5.000000    155.000000  0.084542
5.000000    160.000000  0.086534
5.000000    165.000000  0.088118
5.000000    170.000000  0.089323
5.000000    175.000000  0.090169
5.000000    180.000000  0.090671
10.000000    0.000000  0.018083
10.000000    5.000000  0.018293
10.000000    10.000000  0.018363
10.000000    15.000000  0.018293
10.000000    20.000000  0.018083
10.000000    25.000000  0.017733
10.000000    30.000000  0.017240
10.000000    35.000000  0.016579
10.000000    40.000000  0.015847
10.000000    45.000000  0.016580
10.000000    50.000000  0.017186
10.000000    55.000000  0.017663
10.000000    60.000000  0.018006
10.000000    65.000000  0.018213
10.000000    70.000000  0.018282
10.000000    75.000000  0.018213
10.000000    80.000000  0.018006
10.000000    85.000000  0.017663
10.000000    90.000000  0.017186
10.000000    95.000000  0.016579
10.000000    100.000000  0.015847
10.000000    105.000000  0.024485
10.000000    110.000000  0.036007
10.000000    115.000000  0.045229
10.000000    120.000000  0.052897
10.000000    125.000000  0.059373
10.000000    130.000000  0.064873
10.000000    135.000000  0.069550
10.000000    140.000000  0.073488
10.000000    145.000000  0.076904
10.000000    150.000000  0.079753
10.000000    155.000000  0.082082
10.000000    160.000000  0.084104
10.000000    165.000000  0.086076
10.000000    170.000000  0.087643
10.000000    175.000000  0.088835
10.000000    180.000000  0.089672
15.000000    0.000000  0.017396
15.000000    5.000000  0.017739
15.000000    10.000000  0.017945
15.000000    15.000000  0.018014
15.000000    20.000000  0.017945
15.000000    25.000000  0.017739
15.000000    30.000000  0.017396
15.000000    35.000000  0.016912
15.000000    40.000000  0.016264
15.000000    45.000000  0.015544
15.000000    50.000000  0.016263
15.000000    55.000000  0.016858
15.000000    60.000000  0.017325
15.000000    65.000000  0.017662
15.000000    70.000000  0.017865
15.000000    75.000000  0.017933
15.000000    80.000000  0.017865
15.000000    85.000000  0.017662
15.000000    90.000000  0.017325
15.000000    95.000000  0.016858
15.000000    100.000000  0.016262
15.000000    105.000000  0.015544
15.000000    110.000000  0.024177
15.000000    115.000000  0.035669
15.000000    120.000000  0.044850
15.000000    125.000000  0.052471
15.000000    130.000000  0.058897
15.000000    135.000000  0.064347
15.000000    140.000000  0.068978
15.000000    145.000000  0.072873
15.000000    150.000000  0.076251
15.000000    155.000000  0.079066
15.000000    160.000000  0.081368
15.000000    165.000000  0.083365
15.000000    170.000000  0.085302
15.000000    175.000000  0.086842
15.000000    180.000000  0.088013
20.000000    0.000000  0.016456
20.000000    5.000000  0.016927
20.000000    10.000000  0.017261
20.000000    15.000000  0.017462
20.000000    20.000000  0.017528
20.000000    25.000000  0.017462
20.000000    30.000000  0.017261
20.000000    35.000000  0.016927
20.000000    40.000000  0.016456
20.000000    45.000000  0.015825
20.000000    50.000000  0.015123
20.000000    55.000000  0.015822
20.000000    60.000000  0.016401
20.000000    65.000000  0.016856
20.000000    70.000000  0.017183
20.000000    75.000000  0.017381
20.000000    80.000000  0.017447
20.000000    85.000000  0.017381
20.000000    90.000000  0.017183
20.000000    95.000000  0.016856
20.000000    100.000000  0.016401
20.000000    105.000000  0.015822
20.000000    110.000000  0.015123
20.000000    115.000000  0.023747
20.000000    120.000000  0.035196
20.000000    125.000000  0.044317
20.000000    130.000000  0.051868
20.000000    135.000000  0.058223
20.000000    140.000000  0.063602
20.000000    145.000000  0.068165
20.000000    150.000000  0.071999
20.000000    155.000000  0.075321
20.000000    160.000000  0.078088
20.000000    165.000000  0.080350
20.000000    170.000000  0.082311
20.000000    175.000000  0.084201
20.000000    180.000000  0.085702
25.000000    0.000000  0.015267
25.000000    5.000000  0.015876
25.000000    10.000000  0.016330
25.000000    15.000000  0.016652
25.000000    20.000000  0.016846
25.000000    25.000000  0.016910
25.000000    30.000000  0.016846
25.000000    35.000000  0.016652
25.000000    40.000000  0.016330
25.000000    45.000000  0.015876
25.000000    50.000000  0.015267
25.000000    55.000000  0.014587
25.000000    60.000000  0.015261
25.000000    65.000000  0.015820
25.000000    70.000000  0.016259
25.000000    75.000000  0.016574
25.000000    80.000000  0.016765
25.000000    85.000000  0.016828
25.000000    90.000000  0.016765
25.000000    95.000000  0.016574
25.000000    100.000000  0.016258
25.000000    105.000000  0.015820
25.000000    110.000000  0.015261
25.000000    115.000000  0.014587
25.000000    120.000000  0.023197
25.000000    125.000000  0.034587
25.000000    130.000000  0.043626
25.000000    135.000000  0.051083
25.000000    140.000000  0.057340
25.000000    145.000000  0.062624
25.000000    150.000000  0.067098
25.000000    155.000000  0.070850
25.000000    160.000000  0.074097
25.000000    165.000000  0.076800
25.000000    170.000000  0.079009
25.000000    175.000000  0.080922
25.000000    180.000000  0.082750
30.000000    0.000000  0.013941
30.000000    5.000000  0.014594
30.000000    10.000000  0.015176
30.000000    15.000000  0.015610
30.000000    20.000000  0.015918
30.000000    25.000000  0.016102
30.000000    30.000000  0.016164
30.000000    35.000000  0.016102
30.000000    40.000000  0.015918
30.000000    45.000000  0.015610
30.000000    50.000000  0.015176
30.000000    55.000000  0.014594
30.000000    60.000000  0.013941
30.000000    65.000000  0.014585
30.000000    70.000000  0.015118
30.000000    75.000000  0.015537
30.000000    80.000000  0.015839
30.000000    85.000000  0.016021
30.000000    90.000000  0.016082
30.000000    95.000000  0.016021
30.000000    100.000000  0.015839
30.000000    105.000000  0.015537
30.000000    110.000000  0.015118
30.000000    115.000000  0.014584
30.000000    120.000000  0.013940
30.000000    125.000000  0.022530
30.000000    130.000000  0.033840
30.000000    135.000000  0.042770
30.000000    140.000000  0.050106
30.000000    145.000000  0.056237
30.000000    150.000000  0.061398
30.000000    155.000000  0.065757
30.000000    160.000000  0.069404
30.000000    165.000000  0.072557
30.000000    170.000000  0.075178
30.000000    175.000000  0.077319
30.000000    180.000000  0.079171
35.000000    0.000000  0.015141
35.000000    5.000000  0.014468
35.000000    10.000000  0.020104
35.000000    15.000000  0.023045
35.000000    20.000000  0.024620
35.000000    25.000000  0.025591
35.000000    30.000000  0.026213
35.000000    35.000000  0.026583
35.000000    40.000000  0.026750
35.000000    45.000000  0.026744
35.000000    50.000000  0.026583
35.000000    55.000000  0.026273
35.000000    60.000000  0.025802
35.000000    65.000000  0.025244
35.000000    70.000000  0.025904
35.000000    75.000000  0.026448
35.000000    80.000000  0.026873
35.000000    85.000000  0.027178
35.000000    90.000000  0.027362
35.000000    95.000000  0.027423
35.000000    100.000000  0.027362
35.000000    105.000000  0.027178
35.000000    110.000000  0.026873
35.000000    115.000000  0.026448
35.000000    120.000000  0.025904
35.000000    125.000000  0.025244
35.000000    130.000000  0.033739
35.000000    135.000000  0.044862
35.000000    140.000000  0.053549
35.000000    145.000000  0.060595
35.000000    150.000000  0.066395
35.000000    155.000000  0.071173
35.000000    160.000000  0.075072
35.000000    165.000000  0.078135
35.000000    170.000000  0.080468
35.000000    175.000000  0.081775
35.000000    180.000000  0.081247
40.000000    0.000000  0.016288
40.000000    5.000000  0.015708
40.000000    10.000000  0.015009
40.000000    15.000000  0.023025
40.000000    20.000000  0.028073
40.000000    25.000000  0.031078
40.000000    30.000000  0.033050
40.000000    35.000000  0.034411
40.000000    40.000000  0.035342
40.000000    45.000000  0.035940
40.000000    50.000000  0.036277
40.000000    55.000000  0.036398
40.000000    60.000000  0.036323
40.000000    65.000000  0.036058
40.000000    70.000000  0.035678
40.000000    75.000000  0.036412
40.000000    80.000000  0.037011
40.000000    85.000000  0.037477
40.000000    90.000000  0.037809
40.000000    95.000000  0.038008
40.000000    100.000000  0.038075
40.000000    105.000000  0.038008
40.000000    110.000000  0.037809
40.000000    115.000000  0.037477
40.000000    120.000000  0.037011
40.000000    125.000000  0.036412
40.000000    130.000000  0.035678
40.000000    135.000000  0.043984
40.000000    140.000000  0.054790
40.000000    145.000000  0.063072
40.000000    150.000000  0.069640
40.000000    155.000000  0.074886
40.000000    160.000000  0.079016
40.000000    165.000000  0.082140
40.000000    170.000000  0.084239
40.000000    175.000000  0.085307
40.000000    180.000000  0.084855
45.000000    0.000000  0.017218
45.000000    5.000000  0.016750
45.000000    10.000000  0.016155
45.000000    15.000000  0.015436
45.000000    20.000000  0.024573
45.000000    25.000000  0.031048
45.000000    30.000000  0.035247
45.000000    35.000000  0.038170
45.000000    40.000000  0.040289
45.000000    45.000000  0.041837
45.000000    50.000000  0.042925
45.000000    55.000000  0.043666
45.000000    60.000000  0.044131
45.000000    65.000000  0.044347
45.000000    70.000000  0.044334
45.000000    75.000000  0.044173
45.000000    80.000000  0.045014
45.000000    85.000000  0.045695
45.000000    90.000000  0.046220
45.000000    95.000000  0.046593
45.000000    100.000000  0.046816
45.000000    105.000000  0.046890
45.000000    110.000000  0.046816
45.000000    115.000000  0.046593
45.000000    120.000000  0.046220
45.000000    125.000000  0.045694
45.000000    130.000000  0.045014
45.000000    135.000000  0.044172
45.000000    140.000000  0.052226
45.000000    145.000000  0.062620
45.000000    150.000000  0.070389
45.000000    155.000000  0.076360
45.000000    160.000000  0.080925
45.000000    165.000000  0.084281
45.000000    170.000000  0.086511
45.000000    175.000000  0.087552
45.000000    180.000000  0.087332
50.000000    0.000000  0.017903
50.000000    5.000000  0.017560
50.000000    10.000000  0.017083
50.000000    15.000000  0.016475
50.000000    20.000000  0.015742
50.000000    25.000000  0.025526
50.000000    30.000000  0.032989
50.000000    35.000000  0.038130
50.000000    40.000000  0.041869
50.000000    45.000000  0.044681
50.000000    50.000000  0.046818
50.000000    55.000000  0.048391
50.000000    60.000000  0.049548
50.000000    65.000000  0.050372
50.000000    70.000000  0.050897
50.000000    75.000000  0.051154
50.000000    80.000000  0.051227
50.000000    85.000000  0.052189
50.000000    90.000000  0.052963
50.000000    95.000000  0.053557
50.000000    100.000000  0.053977
50.000000    105.000000  0.054228
50.000000    110.000000  0.054311
50.000000    115.000000  0.054228
50.000000    120.000000  0.053977
50.000000    125.000000  0.053557
50.000000    130.000000  0.052963
50.000000    135.000000  0.052189
50.000000    140.000000  0.051226
50.000000    145.000000  0.058980
50.000000    150.000000  0.068884
50.000000    155.000000  0.076053
50.000000    160.000000  0.081341
50.000000    165.000000  0.085151
50.000000    170.000000  0.087672
50.000000    175.000000  0.088970
50.000000    180.000000  0.088961
55.000000    0.000000  0.018321
55.000000    5.000000  0.018112
55.000000    10.000000  0.017765
55.000000    15.000000  0.017282
55.000000    20.000000  0.016668
55.000000    25.000000  0.015926
55.000000    30.000000  0.026153
55.000000    35.000000  0.034361
55.000000    40.000000  0.040265
55.000000    45.000000  0.044705
55.000000    50.000000  0.048135
55.000000    55.000000  0.050818
55.000000    60.000000  0.052852
55.000000    65.000000  0.054414
55.000000    70.000000  0.055593
55.000000    75.000000  0.056428
55.000000    80.000000  0.056958
55.000000    85.000000  0.057270
55.000000    90.000000  0.058358
55.000000    95.000000  0.059229
55.000000    100.000000  0.059895
55.000000    105.000000  0.060365
55.000000    110.000000  0.060645
55.000000    115.000000  0.060738
55.000000    120.000000  0.060645
55.000000    125.000000  0.060365
55.000000    130.000000  0.059895
55.000000    135.000000  0.059228
55.000000    140.000000  0.058357
55.000000    145.000000  0.057269
55.000000    150.000000  0.064675
55.000000    155.000000  0.074005
55.000000    160.000000  0.080489
55.000000    165.000000  0.085018
55.000000    170.000000  0.088009
55.000000    175.000000  0.089650
55.000000    180.000000  0.090001
60.000000    0.000000  0.018460
60.000000    5.000000  0.018389
60.000000    10.000000  0.018179
60.000000    15.000000  0.017831
60.000000    20.000000  0.017346
60.000000    25.000000  0.016730
60.000000    30.000000  0.015986
60.000000    35.000000  0.026523
60.000000    40.000000  0.035288
60.000000    45.000000  0.041800
60.000000    50.000000  0.046824
60.000000    55.000000  0.050790
60.000000    60.000000  0.053958
60.000000    65.000000  0.056414
60.000000    70.000000  0.058355
60.000000    75.000000  0.059871
60.000000    80.000000  0.061005
60.000000    85.000000  0.061801
60.000000    90.000000  0.062346
60.000000    95.000000  0.063556
60.000000    100.000000  0.064522
60.000000    105.000000  0.065259
60.000000    110.000000  0.065778
60.000000    115.000000  0.066087
60.000000    120.000000  0.066189
60.000000    125.000000  0.066087
60.000000    130.000000  0.065778
60.000000    135.000000  0.065259
60.000000    140.000000  0.064522
60.000000    145.000000  0.063556
60.000000    150.000000  0.062346
60.000000    155.000000  0.069347
60.000000    160.000000  0.078005
60.000000    165.000000  0.083708
60.000000    170.000000  0.087398
60.000000    175.000000  0.089511
60.000000    180.000000  0.090241
65.000000    0.000000  0.018313
65.000000    5.000000  0.018383
65.000000    10.000000  0.018313
65.000000    15.000000  0.018103
65.000000    20.000000  0.017756
65.000000    25.000000  0.017274
65.000000    30.000000  0.016660
65.000000    35.000000  0.015919
65.000000    40.000000  0.026689
65.000000    45.000000  0.035888
65.000000    50.000000  0.042896
65.000000    55.000000  0.048413
65.000000    60.000000  0.052844
65.000000    65.000000  0.056445
65.000000    70.000000  0.059283
65.000000    75.000000  0.061573
65.000000    80.000000  0.063405
65.000000    85.000000  0.064822
65.000000    90.000000  0.065874
65.000000    95.000000  0.066644
65.000000    100.000000  0.067969
65.000000    105.000000  0.069024
65.000000    110.000000  0.069828
65.000000    115.000000  0.070393
65.000000    120.000000  0.070729
65.000000    125.000000  0.070841
65.000000    130.000000  0.070729
65.000000    135.000000  0.070393
65.000000    140.000000  0.069828
65.000000    145.000000  0.069024
65.000000    150.000000  0.067969
65.000000    155.000000  0.066644
65.000000    160.000000  0.073157
65.000000    165.000000  0.081004
65.000000    170.000000  0.085804
65.000000    175.000000  0.088556
65.000000    180.000000  0.089723
70.000000    0.000000  0.017882
70.000000    5.000000  0.018089
70.000000    10.000000  0.018158
70.000000    15.000000  0.018089
70.000000    20.000000  0.017882
70.000000    25.000000  0.017540
70.000000    30.000000  0.017063
70.000000    35.000000  0.016457
70.000000    40.000000  0.015725
70.000000    45.000000  0.026677
70.000000    50.000000  0.036223
70.000000    55.000000  0.043640
70.000000    60.000000  0.049577
70.000000    65.000000  0.054412
70.000000    70.000000  0.058396
70.000000    75.000000  0.061580
70.000000    80.000000  0.064190
70.000000    85.000000  0.066314
70.000000    90.000000  0.067998
70.000000    95.000000  0.069291
70.000000    100.000000  0.070278
70.000000    105.000000  0.071708
70.000000    110.000000  0.072845
70.000000    115.000000  0.073710
70.000000    120.000000  0.074318
70.000000    125.000000  0.074679
70.000000    130.000000  0.074799
70.000000    135.000000  0.074679
70.000000    140.000000  0.074318
70.000000    145.000000  0.073710
70.000000    150.000000  0.072844
70.000000    155.000000  0.071707
70.000000    160.000000  0.070277
70.000000    165.000000  0.076167
70.000000    170.000000  0.082994
70.000000    175.000000  0.086719
70.000000    180.000000  0.088410
75.000000    0.000000  0.017176
75.000000    5.000000  0.017511
75.000000    10.000000  0.017714
75.000000    15.000000  0.017781
75.000000    20.000000  0.017714
75.000000    25.000000  0.017511
75.000000    30.000000  0.017176
75.000000    35.000000  0.016709
75.000000    40.000000  0.016115
75.000000    45.000000  0.015399
75.000000    50.000000  0.026500
75.000000    55.000000  0.036330
75.000000    60.000000  0.044089
75.000000    65.000000  0.050385
75.000000    70.000000  0.055573
75.000000    75.000000  0.059896
75.000000    80.000000  0.063392
75.000000    85.000000  0.066295
75.000000    90.000000  0.068689
75.000000    95.000000  0.070621
75.000000    100.000000  0.072144
75.000000    105.000000  0.073337
75.000000    110.000000  0.074860
75.000000    115.000000  0.076070
75.000000    120.000000  0.076990
75.000000    125.000000  0.077636
75.000000    130.000000  0.078020
75.000000    135.000000  0.078147
75.000000    140.000000  0.078019
75.000000    145.000000  0.077636
75.000000    150.000000  0.076990
75.000000    155.000000  0.076070
75.000000    160.000000  0.074859
75.000000    165.000000  0.073337
75.000000    170.000000  0.078352
75.000000    175.000000  0.083824
75.000000    180.000000  0.086234
80.000000    0.000000  0.016196
80.000000    5.000000  0.016648
80.000000    10.000000  0.016973
80.000000    15.000000  0.017170
80.000000    20.000000  0.017235
80.000000    25.000000  0.017170
80.000000    30.000000  0.016973
80.000000    35.000000  0.016648
80.000000    40.000000  0.016196
80.000000    45.000000  0.015620
80.000000    50.000000  0.014925
80.000000    55.000000  0.026156
80.000000    60.000000  0.036229
80.000000    65.000000  0.044282
80.000000    70.000000  0.050887
80.000000    75.000000  0.056384
80.000000    80.000000  0.061008
80.000000    85.000000  0.064783
80.000000    90.000000  0.067952
80.000000    95.000000  0.070595
80.000000    100.000000  0.072758
80.000000    105.000000  0.074498
80.000000    110.000000  0.075891
80.000000    115.000000  0.077493
80.000000    120.000000  0.078766
80.000000    125.000000  0.079733
80.000000    130.000000  0.080412
80.000000    135.000000  0.080814
80.000000    140.000000  0.080948
80.000000    145.000000  0.080814
80.000000    150.000000  0.080412
80.000000    155.000000  0.079733
80.000000    160.000000  0.078766
80.000000    165.000000  0.077493
80.000000    170.000000  0.075890
80.000000    175.000000  0.079519
80.000000    180.000000  0.083050
85.000000    0.000000  0.014906
85.000000    5.000000  0.015456
85.000000    10.000000  0.015889
85.000000    15.000000  0.016200
85.000000    20.000000  0.016388
85.000000    25.000000  0.016450
85.000000    30.000000  0.016388
85.000000    35.000000  0.016200
85.000000    40.000000  0.015889
85.000000    45.000000  0.015457
85.000000    50.000000  0.014906
85.000000    55.000000  0.014242
85.000000    60.000000  0.025591
85.000000    65.000000  0.035882
85.000000    70.000000  0.044195
85.000000    75.000000  0.051078
85.000000    80.000000  0.056851
85.000000    85.000000  0.061746
85.000000    90.000000  0.065777
85.000000    95.000000  0.069190
85.000000    100.000000  0.072065
85.000000    105.000000  0.074447
85.000000    110.000000  0.076396
85.000000    115.000000  0.077998
85.000000    120.000000  0.079665
85.000000    125.000000  0.080989
85.000000    130.000000  0.081993
85.000000    135.000000  0.082698
85.000000    140.000000  0.083116
85.000000    145.000000  0.083254
85.000000    150.000000  0.083116
85.000000    155.000000  0.082698
85.000000    160.000000  0.081993
85.000000    165.000000  0.080988
85.000000    170.000000  0.079665
85.000000    175.000000  0.077997
85.000000    180.000000  0.078995
90.000000    0.000000  0.013828
90.000000    5.000000  0.014476
90.000000    10.000000  0.015012
90.000000    15.000000  0.015434
90.000000    20.000000  0.015737
90.000000    25.000000  0.015920
90.000000    30.000000  0.015981
90.000000    35.000000  0.015920
90.000000    40.000000  0.015737
90.000000    45.000000  0.015434
90.000000    50.000000  0.015012
90.000000    55.000000  0.014476
90.000000    60.000000  0.013828
90.000000    65.000000  0.025263
90.000000    70.000000  0.035719
90.000000    75.000000  0.044245
90.000000    80.000000  0.051360
90.000000    85.000000  0.057371
90.000000    90.000000  0.062501
90.000000    95.000000  0.066754
90.000000    100.000000  0.070380
90.000000    105.000000  0.073455
90.000000    110.000000  0.076025
90.000000    115.000000  0.078155
90.000000    120.000000  0.079960
90.000000    125.000000  0.081698
90.000000    130.000000  0.083077
90.000000    135.000000  0.084123
90.000000    140.000000  0.084858
90.000000    145.000000  0.085293
90.000000    150.000000  0.085437
90.000000    155.000000  0.085293
90.000000    160.000000  0.084857
90.000000    165.000000  0.084123
90.000000    170.000000  0.083076
90.000000    175.000000  0.081697
90.000000    180.000000  0.079959
95.000000    0.000000  0.014906
95.000000    5.000000  0.014476
95.000000    10.000000  0.015153
95.000000    15.000000  0.015715
95.000000    20.000000  0.016156
95.000000    25.000000  0.016473
95.000000    30.000000  0.016665
95.000000    35.000000  0.016728
95.000000    40.000000  0.016665
95.000000    45.000000  0.016473
95.000000    50.000000  0.016156
95.000000    55.000000  0.015715
95.000000    60.000000  0.015154
95.000000    65.000000  0.014476
95.000000    70.000000  0.025926
95.000000    75.000000  0.036458
95.000000    80.000000  0.045090
95.000000    85.000000  0.052327
95.000000    90.000000  0.058463
95.000000    95.000000  0.063717
95.000000    100.000000  0.068083
95.000000    105.000000  0.071814
95.000000    110.000000  0.074983
95.000000    115.000000  0.077636
95.000000    120.000000  0.079834
95.000000    125.000000  0.081698
95.000000    130.000000  0.083513
95.000000    135.000000  0.084954
95.000000    140.000000  0.086048
95.000000    145.000000  0.086817
95.000000    150.000000  0.087272
95.000000    155.000000  0.087423
95.000000    160.000000  0.087272
95.000000    165.000000  0.086816
95.000000    170.000000  0.086048
95.000000    175.000000  0.084953
95.000000    180.000000  0.083512
100.000000    0.000000  0.016196
100.000000    5.000000  0.015456
100.000000    10.000000  0.015012
100.000000    15.000000  0.015715
100.000000    20.000000  0.016297
100.000000    25.000000  0.016754
100.000000    30.000000  0.017083
100.000000    35.000000  0.017281
100.000000    40.000000  0.017348
100.000000    45.000000  0.017281
100.000000    50.000000  0.017083
100.000000    55.000000  0.016754
100.000000    60.000000  0.016297
100.000000    65.000000  0.015715
100.000000    70.000000  0.015013
100.000000    75.000000  0.026473
100.000000    80.000000  0.037061
100.000000    85.000000  0.045774
100.000000    90.000000  0.053104
100.000000    95.000000  0.059337
100.000000    100.000000  0.064687
100.000000    105.000000  0.069142
100.000000    110.000000  0.072956
100.000000    115.000000  0.076198
100.000000    120.000000  0.078915
100.000000    125.000000  0.081166
100.000000    130.000000  0.083077
100.000000    135.000000  0.084954
100.000000    140.000000  0.086445
100.000000    145.000000  0.087579
100.000000    150.000000  0.088374
100.000000    155.000000  0.088846
100.000000    160.000000  0.089003
100.000000    165.000000  0.088846
100.000000    170.000000  0.088374
100.000000    175.000000  0.087578
100.000000    180.000000  0.086445
105.000000    0.000000  0.017176
105.000000    5.000000  0.016648
105.000000    10.000000  0.015889
105.000000    15.000000  0.015434
105.000000    20.000000  0.016156
105.000000    25.000000  0.016754
105.000000    30.000000  0.017224
105.000000    35.000000  0.017562
105.000000    40.000000  0.017766
105.000000    45.000000  0.017834
105.000000    50.000000  0.017766
105.000000    55.000000  0.017562
105.000000    60.000000  0.017224
105.000000    65.000000  0.016754
105.000000    70.000000  0.016156
105.000000    75.000000  0.015434
105.000000    80.000000  0.026901
105.000000    85.000000  0.037529
105.000000    90.000000  0.046302
105.000000    95.000000  0.053701
105.000000    100.000000  0.060006
105.000000    105.000000  0.065428
105.000000    110.000000  0.069949
105.000000    115.000000  0.073824
105.000000    120.000000  0.077122
105.000000    125.000000  0.079887
105.000000    130.000000  0.082178
105.000000    135.000000  0.084124
105.000000    140.000000  0.086049
105.000000    145.000000  0.087579
105.000000    150.000000  0.088742
105.000000    155.000000  0.089559
105.000000    160.000000  0.090044
105.000000    165.000000  0.090204
105.000000    170.000000  0.090044
105.000000    175.000000  0.089559
105.000000    180.000000  0.088742
110.000000    0.000000  0.017882
110.000000    5.000000  0.017511
110.000000    10.000000  0.016973
110.000000    15.000000  0.016200
110.000000    20.000000  0.015737
110.000000    25.000000  0.016473
110.000000    30.000000  0.017083
110.000000    35.000000  0.017562
110.000000    40.000000  0.017907
110.000000    45.000000  0.018114
110.000000    50.000000  0.018184
110.000000    55.000000  0.018114
110.000000    60.000000  0.017907
110.000000    65.000000  0.017562
110.000000    70.000000  0.017083
110.000000    75.000000  0.016473
110.000000    80.000000  0.015737
110.000000    85.000000  0.027208
110.000000    90.000000  0.037863
110.000000    95.000000  0.046677
110.000000    100.000000  0.054123
110.000000    105.000000  0.060478
110.000000    110.000000  0.065949
110.000000    115.000000  0.070516
110.000000    120.000000  0.074434
110.000000    125.000000  0.077771
110.000000    130.000000  0.080569
110.000000    135.000000  0.082888
110.000000    140.000000  0.084858
110.000000    145.000000  0.086817
110.000000    150.000000  0.088375
110.000000    155.000000  0.089559
110.000000    160.000000  0.090391
110.000000    165.000000  0.090885
110.000000    170.000000  0.091049
110.000000    175.000000  0.090885
110.000000    180.000000  0.090391
115.000000    0.000000  0.018313
115.000000    5.000000  0.018089
115.000000    10.000000  0.017714
115.000000    15.000000  0.017170
115.000000    20.000000  0.016388
115.000000    25.000000  0.015920
115.000000    30.000000  0.016665
115.000000    35.000000  0.017281
115.000000    40.000000  0.017766
115.000000    45.000000  0.018114
115.000000    50.000000  0.018325
115.000000    55.000000  0.018395
115.000000    60.000000  0.018325
115.000000    65.000000  0.018114
115.000000    70.000000  0.017766
115.000000    75.000000  0.017281
115.000000    80.000000  0.016665
115.000000    85.000000  0.015920
115.000000    90.000000  0.027393
115.000000    95.000000  0.038063
115.000000    100.000000  0.046901
115.000000    105.000000  0.054375
115.000000    110.000000  0.060759
115.000000    115.000000  0.066260
115.000000    120.000000  0.070853
115.000000    125.000000  0.074797
115.000000    130.000000  0.078156
115.000000    135.000000  0.080974
115.000000    140.000000  0.083309
115.000000    145.000000  0.085293
115.000000    150.000000  0.087272
115.000000    155.000000  0.088847
115.000000    160.000000  0.090044
115.000000    165.000000  0.090885
115.000000    170.000000  0.091384
115.000000    175.000000  0.091550
115.000000    180.000000  0.091384
120.000000    0.000000  0.018460
120.000000    5.000000  0.018383
120.000000    10.000000  0.018158
120.000000    15.000000  0.017781
120.000000    20.000000  0.017235
120.000000    25.000000  0.016450
120.000000    30.000000  0.015981
120.000000    35.000000  0.016728
120.000000    40.000000  0.017348
120.000000    45.000000  0.017834
120.000000    50.000000  0.018184
120.000000    55.000000  0.018395
120.000000    60.000000  0.018465
120.000000    65.000000  0.018395
120.000000    70.000000  0.018184
120.000000    75.000000  0.017834
120.000000    80.000000  0.017348
120.000000    85.000000  0.016729
120.000000    90.000000  0.015981
120.000000    95.000000  0.027455
120.000000    100.000000  0.038130
120.000000    105.000000  0.046976
120.000000    110.000000  0.054459
120.000000    115.000000  0.060852
120.000000    120.000000  0.066363
120.000000    125.000000  0.070965
120.000000    130.000000  0.074917
120.000000    135.000000  0.078284
120.000000    140.000000  0.081108
120.000000    145.000000  0.083449
120.000000    150.000000  0.085438
120.000000    155.000000  0.087423
120.000000    160.000000  0.089003
120.000000    165.000000  0.090205
120.000000    170.000000  0.091049
120.000000    175.000000  0.091550
120.000000    180.000000  0.091716
125.000000    0.000000  0.018321
125.000000    5.000000  0.018389
125.000000    10.000000  0.018313
125.000000    15.000000  0.018089
125.000000    20.000000  0.017714
125.000000    25.000000  0.017170
125.000000    30.000000  0.016388
125.000000    35.000000  0.015920
125.000000    40.000000  0.016665
125.000000    45.000000  0.017281
125.000000    50.000000  0.017766
125.000000    55.000000  0.018114
125.000000    60.000000  0.018325
125.000000    65.000000  0.018395
125.000000    70.000000  0.018325
125.000000    75.000000  0.018114
125.000000    80.000000  0.017766
125.000000    85.000000  0.017281
125.000000    90.000000  0.016665
125.000000    95.000000  0.015920
125.000000    100.000000  0.027393
125.000000    105.000000  0.038063
125.000000    110.000000  0.046901
125.000000    115.000000  0.054375
125.000000    120.000000  0.060759
125.000000    125.000000  0.066260
125.000000    130.000000  0.070853
125.000000    135.000000  0.074797
125.000000    140.000000  0.078156
125.000000    145.000000  0.080974
125.000000    150.000000  0.083309
125.000000    155.000000  0.085293
125.000000    160.000000  0.087273
125.000000    165.000000  0.088847
125.000000    170.000000  0.090044
125.000000    175.000000  0.090885
125.000000    180.000000  0.091384
130.000000    0.000000  0.017903
130.000000    5.000000  0.018112
130.000000    10.000000  0.018179
130.000000    15.000000  0.018103
130.000000    20.000000  0.017882
130.000000    25.000000  0.017511
130.000000    30.000000  0.016973
130.000000    35.000000  0.016200
130.000000    40.000000  0.015737
130.000000    45.000000  0.016473
130.000000    50.000000  0.017083
130.000000    55.000000  0.017562
130.000000    60.000000  0.017907
130.000000    65.000000  0.018114
130.000000    70.000000  0.018184
130.000000    75.000000  0.018114
130.000000    80.000000  0.017907
130.000000    85.000000  0.017562
130.000000    90.000000  0.017083
130.000000    95.000000  0.016473
130.000000    100.000000  0.015738
130.000000    105.000000  0.027208
130.000000    110.000000  0.037863
130.000000    115.000000  0.046677
130.000000    120.000000  0.054123
130.000000    125.000000  0.060478
130.000000    130.000000  0.065950
130.000000    135.000000  0.070516
130.000000    140.000000  0.074435
130.000000    145.000000  0.077771
130.000000    150.000000  0.080569
130.000000    155.000000  0.082888
130.000000    160.000000  0.084858
130.000000    165.000000  0.086817
130.000000    170.000000  0.088375
130.000000    175.000000  0.089560
130.000000    180.000000  0.090392
135.000000    0.000000  0.017218
135.000000    5.000000  0.017560
135.000000    10.000000  0.017765
135.000000    15.000000  0.017831
135.000000    20.000000  0.017756
135.000000    25.000000  0.017540
135.000000    30.000000  0.017176
135.000000    35.000000  0.016648
135.000000    40.000000  0.015889
135.000000    45.000000  0.015434
135.000000    50.000000  0.016156
135.000000    55.000000  0.016754
135.000000    60.000000  0.017224
135.000000    65.000000  0.017562
135.000000    70.000000  0.017766
135.000000    75.000000  0.017834
135.000000    80.000000  0.017766
135.000000    85.000000  0.017562
135.000000    90.000000  0.017224
135.000000    95.000000  0.016754
135.000000    100.000000  0.016156
135.000000    105.000000  0.015434
135.000000    110.000000  0.026901
135.000000    115.000000  0.037529
135.000000    120.000000  0.046302
135.000000    125.000000  0.053701
135.000000    130.000000  0.060006
135.000000    135.000000  0.065428
135.000000    140.000000  0.069949
135.000000    145.000000  0.073824
135.000000    150.000000  0.077122
135.000000    155.000000  0.079887
135.000000    160.000000  0.082178
135.000000    165.000000  0.084124
135.000000    170.000000  0.086049
135.000000    175.000000  0.087579
135.000000    180.000000  0.088743
140.000000    0.000000  0.016288
140.000000    5.000000  0.016750
140.000000    10.000000  0.017083
140.000000    15.000000  0.017282
140.000000    20.000000  0.017346
140.000000    25.000000  0.017274
140.000000    30.000000  0.017063
140.000000    35.000000  0.016709
140.000000    40.000000  0.016196
140.000000    45.000000  0.015457
140.000000    50.000000  0.015012
140.000000    55.000000  0.015715
140.000000    60.000000  0.016297
140.000000    65.000000  0.016754
140.000000    70.000000  0.017083
140.000000    75.000000  0.017281
140.000000    80.000000  0.017348
140.000000    85.000000  0.017281
140.000000    90.000000  0.017083
140.000000    95.000000  0.016754
140.000000    100.000000  0.016297
140.000000    105.000000  0.015715
140.000000    110.000000  0.015013
140.000000    115.000000  0.026474
140.000000    120.000000  0.037061
140.000000    125.000000  0.045775
140.000000    130.000000  0.053104
140.000000    135.000000  0.059337
140.000000    140.000000  0.064687
140.000000    145.000000  0.069142
140.000000    150.000000  0.072956
140.000000    155.000000  0.076199
140.000000    160.000000  0.078915
140.000000    165.000000  0.081166
140.000000    170.000000  0.083077
140.000000    175.000000  0.084954
140.000000    180.000000  0.086446
145.000000    0.000000  0.015141
145.000000    5.000000  0.015708
145.000000    10.000000  0.016155
145.000000    15.000000  0.016475
145.000000    20.000000  0.016668
145.000000    25.000000  0.016730
145.000000    30.000000  0.016660
145.000000    35.000000  0.016457
145.000000    40.000000  0.016115
145.000000    45.000000  0.015620
145.000000    50.000000  0.014906
145.000000    55.000000  0.014476
145.000000    60.000000  0.015154
145.000000    65.000000  0.015715
145.000000    70.000000  0.016156
145.000000    75.000000  0.016473
145.000000    80.000000  0.016665
145.000000    85.000000  0.016729
145.000000    90.000000  0.016665
145.000000    95.000000  0.016473
145.000000    100.000000  0.016156
145.000000    105.000000  0.015715
145.000000    110.000000  0.015154
145.000000    115.000000  0.014476
145.000000    120.000000  0.025927
145.000000    125.000000  0.036458
145.000000    130.000000  0.045091
145.000000    135.000000  0.052327
145.000000    140.000000  0.058463
145.000000    145.000000  0.063717
145.000000    150.000000  0.068083
145.000000    155.000000  0.071815
145.000000    160.000000  0.074984
145.000000    165.000000  0.077636
145.000000    170.000000  0.079834
145.000000    175.000000  0.081698
145.000000    180.000000  0.083513
150.000000    0.000000  0.013941
150.000000    5.000000  0.014468
150.000000    10.000000  0.015009
150.000000    15.000000  0.015436
150.000000    20.000000  0.015742
150.000000    25.000000  0.015926
150.000000    30.000000  0.015986
150.000000    35.000000  0.015919
150.000000    40.000000  0.015725
150.000000    45.000000  0.015399
150.000000    50.000000  0.014925
150.000000    55.000000  0.014242
150.000000    60.000000  0.013828
150.000000    65.000000  0.014476
150.000000    70.000000  0.015013
150.000000    75.000000  0.015434
150.000000    80.000000  0.015737
150.000000    85.000000  0.015920
150.000000    90.000000  0.015981
150.000000    95.000000  0.015920
150.000000    100.000000  0.015738
150.000000    105.000000  0.015434
150.000000    110.000000  0.015013
150.000000    115.000000  0.014476
150.000000    120.000000  0.013829
150.000000    125.000000  0.025263
150.000000    130.000000  0.035720
150.000000    135.000000  0.044245
150.000000    140.000000  0.051360
150.000000    145.000000  0.057371
150.000000    150.000000  0.062501
150.000000    155.000000  0.066754
150.000000    160.000000  0.070380
150.000000    165.000000  0.073455
150.000000    170.000000  0.076026
150.000000    175.000000  0.078155
150.000000    180.000000  0.079960
155.000000    0.000000  0.015267
155.000000    5.000000  0.014594
155.000000    10.000000  0.020104
155.000000    15.000000  0.023025
155.000000    20.000000  0.024573
155.000000    25.000000  0.025526
155.000000    30.000000  0.026153
155.000000    35.000000  0.026523
155.000000    40.000000  0.026689
155.000000    45.000000  0.026677
155.000000    50.000000  0.026500
155.000000    55.000000  0.026156
155.000000    60.000000  0.025591
155.000000    65.000000  0.025263
155.000000    70.000000  0.025926
155.000000    75.000000  0.026473
155.000000    80.000000  0.026901
155.000000    85.000000  0.027208
155.000000    90.000000  0.027393
155.000000    95.000000  0.027455
155.000000    100.000000  0.027393
155.000000    105.000000  0.027208
155.000000    110.000000  0.026901
155.000000    115.000000  0.026474
155.000000    120.000000  0.025927
155.000000    125.000000  0.025263
155.000000    130.000000  0.036607
155.000000    135.000000  0.046882
155.000000    140.000000  0.055165
155.000000    145.000000  0.061991
155.000000    150.000000  0.067669
155.000000    155.000000  0.072411
155.000000    160.000000  0.076204
155.000000    165.000000  0.079240
155.000000    170.000000  0.081488
155.000000    175.000000  0.082729
155.000000    180.000000  0.082155
160.000000    0.000000  0.016456
160.000000    5.000000  0.015876
160.000000    10.000000  0.015176
160.000000    15.000000  0.023045
160.000000    20.000000  0.028073
160.000000    25.000000  0.031048
160.000000    30.000000  0.032989
160.000000    35.000000  0.034361
160.000000    40.000000  0.035288
160.000000    45.000000  0.035888
160.000000    50.000000  0.036223
160.000000    55.000000  0.036330
160.000000    60.000000  0.036229
160.000000    65.000000  0.035882
160.000000    70.000000  0.035719
160.000000    75.000000  0.036458
160.000000    80.000000  0.037061
160.000000    85.000000  0.037529
160.000000    90.000000  0.037863
160.000000    95.000000  0.038063
160.000000    100.000000  0.038130
160.000000    105.000000  0.038063
160.000000    110.000000  0.037863
160.000000    115.000000  0.037529
160.000000    120.000000  0.037061
160.000000    125.000000  0.036458
160.000000    130.000000  0.035720
160.000000    135.000000  0.046882
160.000000    140.000000  0.056849
160.000000    145.000000  0.064730
160.000000    150.000000  0.071078
160.000000    155.000000  0.076203
160.000000    160.000000  0.080296
160.000000    165.000000  0.083316
160.000000    170.000000  0.085388
160.000000    175.000000  0.086373
160.000000    180.000000  0.085854
165.000000    0.000000  0.017396
165.000000    5.000000  0.016927
165.000000    10.000000  0.016330
165.000000    15.000000  0.015610
165.000000    20.000000  0.024620
165.000000    25.000000  0.031078
165.000000    30.000000  0.035247
165.000000    35.000000  0.038130
165.000000    40.000000  0.040265
165.000000    45.000000  0.041800
165.000000    50.000000  0.042896
165.000000    55.000000  0.043640
165.000000    60.000000  0.044089
165.000000    65.000000  0.044282
165.000000    70.000000  0.044195
165.000000    75.000000  0.044245
165.000000    80.000000  0.045090
165.000000    85.000000  0.045774
165.000000    90.000000  0.046302
165.000000    95.000000  0.046677
165.000000    100.000000  0.046901
165.000000    105.000000  0.046976
165.000000    110.000000  0.046901
165.000000    115.000000  0.046677
165.000000    120.000000  0.046302
165.000000    125.000000  0.045775
165.000000    130.000000  0.045091
165.000000    135.000000  0.044245
165.000000    140.000000  0.055165
165.000000    145.000000  0.064730
165.000000    150.000000  0.072102
165.000000    155.000000  0.077854
165.000000    160.000000  0.082300
165.000000    165.000000  0.085618
165.000000    170.000000  0.087748
165.000000    175.000000  0.088763
165.000000    180.000000  0.088463
170.000000    0.000000  0.018083
170.000000    5.000000  0.017739
170.000000    10.000000  0.017261
170.000000    15.000000  0.016652
170.000000    20.000000  0.015918
170.000000    25.000000  0.025591
170.000000    30.000000  0.033050
170.000000    35.000000  0.038170
170.000000    40.000000  0.041869
170.000000    45.000000  0.044705
170.000000    50.000000  0.046824
170.000000    55.000000  0.048413
170.000000    60.000000  0.049577
170.000000    65.000000  0.050385
170.000000    70.000000  0.050887
170.000000    75.000000  0.051078
170.000000    80.000000  0.051360
170.000000    85.000000  0.052327
170.000000    90.000000  0.053104
170.000000    95.000000  0.053701
170.000000    100.000000  0.054123
170.000000    105.000000  0.054375
170.000000    110.000000  0.054459
170.000000    115.000000  0.054375
170.000000    120.000000  0.054123
170.000000    125.000000  0.053701
170.000000    130.000000  0.053104
170.000000    135.000000  0.052327
170.000000    140.000000  0.051360
170.000000    145.000000  0.061991
170.000000    150.000000  0.071078
170.000000    155.000000  0.077854
170.000000    160.000000  0.082925
170.000000    165.000000  0.086615
170.000000    170.000000  0.089094
170.000000    175.000000  0.090295
170.000000    180.000000  0.090255
175.000000    0.000000  0.018503
175.000000    5.000000  0.018293
175.000000    10.000000  0.017945
175.000000    15.000000  0.017462
175.000000    20.000000  0.016846
175.000000    25.000000  0.016102
175.000000    30.000000  0.026213
175.000000    35.000000  0.034411
175.000000    40.000000  0.040289
175.000000    45.000000  0.044681
175.000000    50.000000  0.048135
175.000000    55.000000  0.050790
175.000000    60.000000  0.052844
175.000000    65.000000  0.054412
175.000000    70.000000  0.055573
175.000000    75.000000  0.056384
175.000000    80.000000  0.056851
175.000000    85.000000  0.057371
175.000000    90.000000  0.058463
175.000000    95.000000  0.059337
175.000000    100.000000  0.060006
175.000000    105.000000  0.060478
175.000000    110.000000  0.060759
175.000000    115.000000  0.060852
175.000000    120.000000  0.060759
175.000000    125.000000  0.060478
175.000000    130.000000  0.060006
175.000000    135.000000  0.059337
175.000000    140.000000  0.058463
175.000000    145.000000  0.057371
175.000000    150.000000  0.067669
175.000000    155.000000  0.076203
175.000000    160.000000  0.082300
175.000000    165.000000  0.086615
175.000000    170.000000  0.089489
175.000000    175.000000  0.091088
175.000000    180.000000  0.091350
180.000000    0.000000  0.018645
180.000000    5.000000  0.018574
180.000000    10.000000  0.018363
180.000000    15.000000  0.018014
180.000000    20.000000  0.017528
180.000000    25.000000  0.016910
180.000000    30.000000  0.016164
180.000000    35.000000  0.026583
180.000000    40.000000  0.035342
180.000000    45.000000  0.041837
180.000000    50.000000  0.046818
180.000000    55.000000  0.050818
180.000000    60.000000  0.053958
180.000000    65.000000  0.056445
180.000000    70.000000  0.058396
180.000000    75.000000  0.059896
180.000000    80.000000  0.061008
180.000000    85.000000  0.061746
180.000000    90.000000  0.062501
180.000000    95.000000  0.063717
180.000000    100.000000  0.064687
180.000000    105.000000  0.065428
180.000000    110.000000  0.065949
180.000000    115.000000  0.066260
180.000000    120.000000  0.066363
180.000000    125.000000  0.066260
180.000000    130.000000  0.065950
180.000000    135.000000  0.065428
180.000000    140.000000  0.064687
180.000000    145.000000  0.063717
180.000000    150.000000  0.062501
180.000000    155.000000  0.072411
180.000000    160.000000  0.080296
180.000000    165.000000  0.085618
180.000000    170.000000  0.089094
180.000000    175.000000  0.091088
180.000000    180.000000  0.091768
185.000000    0.000000  0.018503
185.000000    5.000000  0.018573
185.000000    10.000000  0.018503
185.000000    15.000000  0.018293
185.000000    20.000000  0.017945
185.000000    25.000000  0.017462
185.000000    30.000000  0.016846
185.000000    35.000000  0.016102
185.000000    40.000000  0.026750
185.000000    45.000000  0.035940
185.000000    50.000000  0.042925
185.000000    55.000000  0.048391
185.000000    60.000000  0.052852
185.000000    65.000000  0.056414
185.000000    70.000000  0.059283
185.000000    75.000000  0.061580
185.000000    80.000000  0.063392
185.000000    85.000000  0.064783
185.000000    90.000000  0.065777
185.000000    95.000000  0.066754
185.000000    100.000000  0.068083
185.000000    105.000000  0.069142
185.000000    110.000000  0.069949
185.000000    115.000000  0.070516
185.000000    120.000000  0.070853
185.000000    125.000000  0.070965
185.000000    130.000000  0.070853
185.000000    135.000000  0.070516
185.000000    140.000000  0.069949
185.000000    145.000000  0.069142
185.000000    150.000000  0.068083
185.000000    155.000000  0.066754
185.000000    160.000000  0.076204
185.000000    165.000000  0.083316
185.000000    170.000000  0.087748
185.000000    175.000000  0.090295
185.000000    180.000000  0.091350
190.000000    0.000000  0.018083
190.000000    5.000000  0.018291
190.000000    10.000000  0.018360
190.000000    15.000000  0.018291
190.000000    20.000000  0.018083
190.000000    25.000000  0.017739
190.000000    30.000000  0.017261
190.000000    35.000000  0.016652
190.000000    40.000000  0.015918
190.000000    45.000000  0.026744
190.000000    50.000000  0.036277
190.000000    55.000000  0.043666
190.000000    60.000000  0.049548
190.000000    65.000000  0.054414
190.000000    70.000000  0.058355
190.000000    75.000000  0.061573
190.000000    80.000000  0.064190
190.000000    85.000000  0.066295
190.000000    90.000000  0.067952
190.000000    95.000000  0.069190
190.000000    100.000000  0.070380
190.000000    105.000000  0.071814
190.000000    110.000000  0.072956
190.000000    115.000000  0.073824
190.000000    120.000000  0.074434
190.000000    125.000000  0.074797
190.000000    130.000000  0.074917
190.000000    135.000000  0.074797
190.000000    140.000000  0.074435
190.000000    145.000000  0.073824
190.000000    150.000000  0.072956
190.000000    155.000000  0.071815
190.000000    160.000000  0.070380
190.000000    165.000000  0.079240
190.000000    170.000000  0.085388
190.000000    175.000000  0.088763
190.000000    180.000000  0.090255
195.000000    0.000000  0.017396
195.000000    5.000000  0.017733
195.000000    10.000000  0.017937
195.000000    15.000000  0.018004
195.000000    20.000000  0.017937
195.000000    25.000000  0.017733
195.000000    30.000000  0.017396
195.000000    35.000000  0.016927
195.000000    40.000000  0.016330
195.000000    45.000000  0.015610
195.000000    50.000000  0.026583
195.000000    55.000000  0.036398
195.000000    60.000000  0.044131
195.000000    65.000000  0.050372
195.000000    70.000000  0.055593
195.000000    75.000000  0.059871
195.000000    80.000000  0.063405
195.000000    85.000000  0.066314
195.000000    90.000000  0.068689
195.000000    95.000000  0.070595
195.000000    100.000000  0.072065
195.000000    105.000000  0.073455
195.000000    110.000000  0.074983
195.000000    115.000000  0.076198
195.000000    120.000000  0.077122
195.000000    125.000000  0.077771
195.000000    130.000000  0.078156
195.000000    135.000000  0.078284
195.000000    140.000000  0.078156
195.000000    145.000000  0.077771
195.000000    150.000000  0.077122
195.000000    155.000000  0.076199
195.000000    160.000000  0.074984
195.000000    165.000000  0.073455
195.000000    170.000000  0.081488
195.000000    175.000000  0.086373
195.000000    180.000000  0.088463
200.000000    0.000000  0.016456
200.000000    5.000000  0.016912
200.000000    10.000000  0.017240
200.000000    15.000000  0.017438
200.000000    20.000000  0.017504
200.000000    25.000000  0.017438
200.000000    30.000000  0.017240
200.000000    35.000000  0.016912
200.000000    40.000000  0.016456
200.000000    45.000000  0.015876
200.000000    50.000000  0.015176
200.000000    55.000000  0.026273
200.000000    60.000000  0.036323
200.000000    65.000000  0.044347
200.000000    70.000000  0.050897
200.000000    75.000000  0.056428
200.000000    80.000000  0.061005
200.000000    85.000000  0.064822
200.000000    90.000000  0.067998
200.000000    95.000000  0.070621
200.000000    100.000000  0.072758
200.000000    105.000000  0.074447
200.000000    110.000000  0.076025
200.000000    115.000000  0.077636
200.000000    120.000000  0.078915
200.000000    125.000000  0.079887
200.000000    130.000000  0.080569
200.000000    135.000000  0.080974
200.000000    140.000000  0.081108
200.000000    145.000000  0.080974
200.000000    150.000000  0.080569
200.000000    155.000000  0.079887
200.000000    160.000000  0.078915
200.000000    165.000000  0.077636
200.000000    170.000000  0.076026
200.000000    175.000000  0.082729
200.000000    180.000000  0.085854
205.000000    0.000000  0.015267
205.000000    5.000000  0.015825
205.000000    10.000000  0.016264
205.000000    15.000000  0.016579
205.000000    20.000000  0.016770
205.000000    25.000000  0.016833
205.000000    30.000000  0.016770
205.000000    35.000000  0.016579
205.000000    40.000000  0.016264
205.000000    45.000000  0.015825
205.000000    50.000000  0.015267
205.000000    55.000000  0.014594
205.000000    60.000000  0.025802
205.000000    65.000000  0.036058
205.000000    70.000000  0.044334
205.000000    75.000000  0.051154
205.000000    80.000000  0.056958
205.000000    85.000000  0.061801
205.000000    90.000000  0.065874
205.000000    95.000000  0.069291
205.000000    100.000000  0.072144
205.000000    105.000000  0.074498
205.000000    110.000000  0.076396
205.000000    115.000000  0.078155
205.000000    120.000000  0.079834
205.000000    125.000000  0.081166
205.000000    130.000000  0.082178
205.000000    135.000000  0.082888
205.000000    140.000000  0.083309
205.000000    145.000000  0.083449
205.000000    150.000000  0.083309
205.000000    155.000000  0.082888
205.000000    160.000000  0.082178
205.000000    165.000000  0.081166
205.000000    170.000000  0.079834
205.000000    175.000000  0.078155
205.000000    180.000000  0.082155
210.000000    0.000000  0.013941
210.000000    5.000000  0.014587
210.000000    10.000000  0.015123
210.000000    15.000000  0.015544
210.000000    20.000000  0.015847
210.000000    25.000000  0.016030
210.000000    30.000000  0.016091
210.000000    35.000000  0.016030
210.000000    40.000000  0.015847
210.000000    45.000000  0.015544
210.000000    50.000000  0.015123
210.000000    55.000000  0.014587
210.000000    60.000000  0.013941
210.000000    65.000000  0.025244
210.000000    70.000000  0.035678
210.000000    75.000000  0.044173
210.000000    80.000000  0.051227
210.000000    85.000000  0.057270
210.000000    90.000000  0.062346
210.000000    95.000000  0.066644
210.000000    100.000000  0.070278
210.000000    105.000000  0.073337
210.000000    110.000000  0.075891
210.000000    115.000000  0.077998
210.000000    120.000000  0.079960
210.000000    125.000000  0.081698
210.000000    130.000000  0.083077
210.000000    135.000000  0.084124
210.000000    140.000000  0.084858
210.000000    145.000000  0.085293
210.000000    150.000000  0.085438
210.000000    155.000000  0.085293
210.000000    160.000000  0.084858
210.000000    165.000000  0.084124
210.000000    170.000000  0.083077
210.000000    175.000000  0.081698
210.000000    180.000000  0.079960
215.000000    0.000000  0.015141
215.000000    5.000000  0.014585
215.000000    10.000000  0.015261
215.000000    15.000000  0.015822
215.000000    20.000000  0.016263
215.000000    25.000000  0.016580
215.000000    30.000000  0.016771
215.000000    35.000000  0.016835
215.000000    40.000000  0.016771
215.000000    45.000000  0.016580
215.000000    50.000000  0.016263
215.000000    55.000000  0.015822
215.000000    60.000000  0.015261
215.000000    65.000000  0.014585
215.000000    70.000000  0.025904
215.000000    75.000000  0.036412
215.000000    80.000000  0.045014
215.000000    85.000000  0.052189
215.000000    90.000000  0.058358
215.000000    95.000000  0.063556
215.000000    100.000000  0.067969
215.000000    105.000000  0.071708
215.000000    110.000000  0.074860
215.000000    115.000000  0.077493
215.000000    120.000000  0.079665
215.000000    125.000000  0.081698
215.000000    130.000000  0.083513
215.000000    135.000000  0.084954
215.000000    140.000000  0.086049
215.000000    145.000000  0.086817
215.000000    150.000000  0.087272
215.000000    155.000000  0.087423
215.000000    160.000000  0.087273
215.000000    165.000000  0.086817
215.000000    170.000000  0.086049
215.000000    175.000000  0.084954
215.000000    180.000000  0.083513
220.000000    0.000000  0.016288
220.000000    5.000000  0.015698
220.000000    10.000000  0.015118
220.000000    15.000000  0.015820
220.000000    20.000000  0.016401
220.000000    25.000000  0.016858
220.000000    30.000000  0.017186
220.000000    35.000000  0.017385
220.000000    40.000000  0.017451
220.000000    45.000000  0.017385
220.000000    50.000000  0.017186
220.000000    55.000000  0.016858
220.000000    60.000000  0.016401
220.000000    65.000000  0.015820
220.000000    70.000000  0.015118
220.000000    75.000000  0.026448
220.000000    80.000000  0.037011
220.000000    85.000000  0.045695
220.000000    90.000000  0.052963
220.000000    95.000000  0.059229
220.000000    100.000000  0.064522
220.000000    105.000000  0.069024
220.000000    110.000000  0.072845
220.000000    115.000000  0.076070
220.000000    120.000000  0.078766
220.000000    125.000000  0.080989
220.000000    130.000000  0.083077
220.000000    135.000000  0.084954
220.000000    140.000000  0.086445
220.000000    145.000000  0.087579
220.000000    150.000000  0.088375
220.000000    155.000000  0.088847
220.000000    160.000000  0.089003
220.000000    165.000000  0.088847
220.000000    170.000000  0.088375
220.000000    175.000000  0.087579
220.000000    180.000000  0.086446
225.000000    0.000000  0.017218
225.000000    5.000000  0.016743
225.000000    10.000000  0.016136
225.000000    15.000000  0.015537
225.000000    20.000000  0.016259
225.000000    25.000000  0.016856
225.000000    30.000000  0.017325
225.000000    35.000000  0.017663
225.000000    40.000000  0.017867
225.000000    45.000000  0.017935
225.000000    50.000000  0.017867
225.000000    55.000000  0.017663
225.000000    60.000000  0.017325
225.000000    65.000000  0.016856
225.000000    70.000000  0.016259
225.000000    75.000000  0.015537
225.000000    80.000000  0.026873
225.000000    85.000000  0.037477
225.000000    90.000000  0.046220
225.000000    95.000000  0.053557
225.000000    100.000000  0.059895
225.000000    105.000000  0.065259
225.000000    110.000000  0.069828
225.000000    115.000000  0.073710
225.000000    120.000000  0.076990
225.000000    125.000000  0.079733
225.000000    130.000000  0.081993
225.000000    135.000000  0.084123
225.000000    140.000000  0.086048
225.000000    145.000000  0.087579
225.000000    150.000000  0.088742
225.000000    155.000000  0.089559
225.000000    160.000000  0.090044
225.000000    165.000000  0.090205
225.000000    170.000000  0.090044
225.000000    175.000000  0.089560
225.000000    180.000000  0.088743
230.000000    0.000000  0.017903
230.000000    5.000000  0.017555
230.000000    10.000000  0.017070
230.000000    15.000000  0.016451
230.000000    20.000000  0.015839
230.000000    25.000000  0.016574
230.000000    30.000000  0.017183
230.000000    35.000000  0.017662
230.000000    40.000000  0.018006
230.000000    45.000000  0.018214
230.000000    50.000000  0.018283
230.000000    55.000000  0.018214
230.000000    60.000000  0.018006
230.000000    65.000000  0.017662
230.000000    70.000000  0.017183
230.000000    75.000000  0.016574
230.000000    80.000000  0.015839
230.000000    85.000000  0.027178
230.000000    90.000000  0.037809
230.000000    95.000000  0.046593
230.000000    100.000000  0.053977
230.000000    105.000000  0.060365
230.000000    110.000000  0.065778
230.000000    115.000000  0.070393
230.000000    120.000000  0.074318
230.000000    125.000000  0.077636
230.000000    130.000000  0.080412
230.000000    135.000000  0.082698
230.000000    140.000000  0.084858
230.000000    145.000000  0.086817
230.000000    150.000000  0.088374
230.000000    155.000000  0.089559
230.000000    160.000000  0.090391
230.000000    165.000000  0.090885
230.000000    170.000000  0.091049
230.000000    175.000000  0.090885
230.000000    180.000000  0.090392
235.000000    0.000000  0.018321
235.000000    5.000000  0.018110
235.000000    10.000000  0.017758
235.000000    15.000000  0.017268
235.000000    20.000000  0.016641
235.000000    25.000000  0.016021
235.000000    30.000000  0.016765
235.000000    35.000000  0.017381
235.000000    40.000000  0.017865
235.000000    45.000000  0.018213
235.000000    50.000000  0.018423
235.000000    55.000000  0.018493
235.000000    60.000000  0.018423
235.000000    65.000000  0.018213
235.000000    70.000000  0.017865
235.000000    75.000000  0.017381
235.000000    80.000000  0.016765
235.000000    85.000000  0.016021
235.000000    90.000000  0.027362
235.000000    95.000000  0.038008
235.000000    100.000000  0.046816
235.000000    105.000000  0.054228
235.000000    110.000000  0.060645
235.000000    115.000000  0.066087
235.000000    120.000000  0.070729
235.000000    125.000000  0.074679
235.000000    130.000000  0.078020
235.000000    135.000000  0.080814
235.000000    140.000000  0.083116
235.000000    145.000000  0.085293
235.000000    150.000000  0.087272
235.000000    155.000000  0.088846
235.000000    160.000000  0.090044
235.000000    165.000000  0.090885
235.000000    170.000000  0.091384
235.000000    175.000000  0.091550
235.000000    180.000000  0.091384
240.000000    0.000000  0.018460
240.000000    5.000000  0.018391
240.000000    10.000000  0.018180
240.000000    15.000000  0.017826
240.000000    20.000000  0.017334
240.000000    25.000000  0.016705
240.000000    30.000000  0.016082
240.000000    35.000000  0.016828
240.000000    40.000000  0.017447
240.000000    45.000000  0.017933
240.000000    50.000000  0.018282
240.000000    55.000000  0.018493
240.000000    60.000000  0.018563
240.000000    65.000000  0.018493
240.000000    70.000000  0.018282
240.000000    75.000000  0.017933
240.000000    80.000000  0.017447
240.000000    85.000000  0.016828
240.000000    90.000000  0.016082
240.000000    95.000000  0.027423
240.000000    100.000000  0.038075
240.000000    105.000000  0.046890
240.000000    110.000000  0.054311
240.000000    115.000000  0.060738
240.000000    120.000000  0.066189
240.000000    125.000000  0.070841
240.000000    130.000000  0.074799
240.000000    135.000000  0.078147
240.000000    140.000000  0.080948
240.000000    145.000000  0.083254
240.000000    150.000000  0.085437
240.000000    155.000000  0.087423
240.000000    160.000000  0.089003
240.000000    165.000000  0.090204
240.000000    170.000000  0.091049
240.000000    175.000000  0.091550
240.000000    180.000000  0.091716
245.000000    0.000000  0.018313
245.000000    5.000000  0.018389
245.000000    10.000000  0.018321
245.000000    15.000000  0.018110
245.000000    20.000000  0.017758
245.000000    25.000000  0.017268
245.000000    30.000000  0.016641
245.000000    35.000000  0.016021
245.000000    40.000000  0.016765
245.000000    45.000000  0.017381
245.000000    50.000000  0.017865
245.000000    55.000000  0.018213
245.000000    60.000000  0.018423
245.000000    65.000000  0.018493
245.000000    70.000000  0.018423
245.000000    75.000000  0.018213
245.000000    80.000000  0.017865
245.000000    85.000000  0.017381
245.000000    90.000000  0.016765
245.000000    95.000000  0.016021
245.000000    100.000000  0.027362
245.000000    105.000000  0.038008
245.000000    110.000000  0.046816
245.000000    115.000000  0.054228
245.000000    120.000000  0.060645
245.000000    125.000000  0.066087
245.000000    130.000000  0.070729
245.000000    135.000000  0.074679
245.000000    140.000000  0.078019
245.000000    145.000000  0.080814
245.000000    150.000000  0.083116
245.000000    155.000000  0.085293
245.000000    160.000000  0.087272
245.000000    165.000000  0.088846
245.000000    170.000000  0.090044
245.000000    175.000000  0.090885
245.000000    180.000000  0.091384
250.000000    0.000000  0.017882
250.000000    5.000000  0.018103
250.000000    10.000000  0.018179
250.000000    15.000000  0.018112
250.000000    20.000000  0.017903
250.000000    25.000000  0.017555
250.000000    30.000000  0.017070
250.000000    35.000000  0.016451
250.000000    40.000000  0.015839
250.000000    45.000000  0.016574
250.000000    50.000000  0.017183
250.000000    55.000000  0.017662
250.000000    60.000000  0.018006
250.000000    65.000000  0.018214
250.000000    70.000000  0.018283
250.000000    75.000000  0.018214
250.000000    80.000000  0.018006
250.000000    85.000000  0.017662
250.000000    90.000000  0.017183
250.000000    95.000000  0.016574
250.000000    100.000000  0.015839
250.000000    105.000000  0.027178
250.000000    110.000000  0.037809
250.000000    115.000000  0.046593
250.000000    120.000000  0.053977
250.000000    125.000000  0.060365
250.000000    130.000000  0.065778
250.000000    135.000000  0.070393
250.000000    140.000000  0.074318
250.000000    145.000000  0.077636
250.000000    150.000000  0.080412
250.000000    155.000000  0.082698
250.000000    160.000000  0.084857
250.000000    165.000000  0.086816
250.000000    170.000000  0.088374
250.000000    175.000000  0.089559
250.000000    180.000000  0.090391
255.000000    0.000000  0.017176
255.000000    5.000000  0.017540
255.000000    10.000000  0.017756
255.000000    15.000000  0.017831
255.000000    20.000000  0.017765
255.000000    25.000000  0.017560
255.000000    30.000000  0.017218
255.000000    35.000000  0.016743
255.000000    40.000000  0.016136
255.000000    45.000000  0.015537
255.000000    50.000000  0.016258
255.000000    55.000000  0.016856
255.000000    60.000000  0.017325
255.000000    65.000000  0.017663
255.000000    70.000000  0.017867
255.000000    75.000000  0.017935
255.000000    80.000000  0.017867
255.000000    85.000000  0.017663
255.000000    90.000000  0.017325
255.000000    95.000000  0.016856
255.000000    100.000000  0.016258
255.000000    105.000000  0.015537
255.000000    110.000000  0.026873
255.000000    115.000000  0.037477
255.000000    120.000000  0.046220
255.000000    125.000000  0.053557
255.000000    130.000000  0.059895
255.000000    135.000000  0.065259
255.000000    140.000000  0.069828
255.000000    145.000000  0.073710
255.000000    150.000000  0.076990
255.000000    155.000000  0.079733
255.000000    160.000000  0.081993
255.000000    165.000000  0.084123
255.000000    170.000000  0.086048
255.000000    175.000000  0.087578
255.000000    180.000000  0.088742
260.000000    0.000000  0.016196
260.000000    5.000000  0.016709
260.000000    10.000000  0.017063
260.000000    15.000000  0.017274
260.000000    20.000000  0.017346
260.000000    25.000000  0.017282
260.000000    30.000000  0.017083
260.000000    35.000000  0.016750
260.000000    40.000000  0.016288
260.000000    45.000000  0.015698
260.000000    50.000000  0.015118
260.000000    55.000000  0.015820
260.000000    60.000000  0.016401
260.000000    65.000000  0.016858
260.000000    70.000000  0.017186
260.000000    75.000000  0.017384
260.000000    80.000000  0.017451
260.000000    85.000000  0.017384
260.000000    90.000000  0.017186
260.000000    95.000000  0.016858
260.000000    100.000000  0.016401
260.000000    105.000000  0.015820
260.000000    110.000000  0.015118
260.000000    115.000000  0.026448
260.000000    120.000000  0.037011
260.000000    125.000000  0.045694
260.000000    130.000000  0.052963
260.000000    135.000000  0.059228
260.000000    140.000000  0.064522
260.000000    145.000000  0.069024
260.000000    150.000000  0.072844
260.000000    155.000000  0.076070
260.000000    160.000000  0.078766
260.000000    165.000000  0.080988
260.000000    170.000000  0.083076
260.000000    175.000000  0.084953
260.000000    180.000000  0.086445
265.000000    0.000000  0.014906
265.000000    5.000000  0.015620
265.000000    10.000000  0.016115
265.000000    15.000000  0.016457
265.000000    20.000000  0.016660
265.000000    25.000000  0.016730
265.000000    30.000000  0.016667
265.000000    35.000000  0.016475
265.000000    40.000000  0.016154
265.000000    45.000000  0.015708
265.000000    50.000000  0.015141
265.000000    55.000000  0.014584
265.000000    60.000000  0.015261
265.000000    65.000000  0.015822
265.000000    70.000000  0.016262
265.000000    75.000000  0.016579
265.000000    80.000000  0.016771
265.000000    85.000000  0.016834
265.000000    90.000000  0.016771
265.000000    95.000000  0.016579
265.000000    100.000000  0.016262
265.000000    105.000000  0.015822
265.000000    110.000000  0.015261
265.000000    115.000000  0.014584
265.000000    120.000000  0.025904
265.000000    125.000000  0.036412
265.000000    130.000000  0.045014
265.000000    135.000000  0.052189
265.000000    140.000000  0.058357
265.000000    145.000000  0.063556
265.000000    150.000000  0.067969
265.000000    155.000000  0.071707
265.000000    160.000000  0.074859
265.000000    165.000000  0.077493
265.000000    170.000000  0.079665
265.000000    175.000000  0.081697
265.000000    180.000000  0.083512
270.000000    0.000000  0.013828
270.000000    5.000000  0.014242
270.000000    10.000000  0.014925
270.000000    15.000000  0.015399
270.000000    20.000000  0.015725
270.000000    25.000000  0.015919
270.000000    30.000000  0.015985
270.000000    35.000000  0.015926
270.000000    40.000000  0.015742
270.000000    45.000000  0.015435
270.000000    50.000000  0.015009
270.000000    55.000000  0.014468
270.000000    60.000000  0.013940
270.000000    65.000000  0.014587
270.000000    70.000000  0.015123
270.000000    75.000000  0.015544
270.000000    80.000000  0.015847
270.000000    85.000000  0.016030
270.000000    90.000000  0.016091
270.000000    95.000000  0.016030
270.000000    100.000000  0.015847
270.000000    105.000000  0.015544
270.000000    110.000000  0.015123
270.000000    115.000000  0.014587
270.000000    120.000000  0.013940
270.000000    125.000000  0.025244
270.000000    130.000000  0.035678
270.000000    135.000000  0.044172
270.000000    140.000000  0.051226
270.000000    145.000000  0.057269
270.000000    150.000000  0.062346
270.000000    155.000000  0.066644
270.000000    160.000000  0.070277
270.000000    165.000000  0.073337
270.000000    170.000000  0.075890
270.000000    175.000000  0.077997
270.000000    180.000000  0.079959
275.000000    0.000000  0.014906
275.000000    5.000000  0.014242
275.000000    10.000000  0.016954
275.000000    15.000000  0.019889
275.000000    20.000000  0.021541
275.000000    25.000000  0.022573
275.000000    30.000000  0.023231
275.000000    35.000000  0.023624
275.000000    40.000000  0.023807
275.000000    45.000000  0.023810
275.000000    50.000000  0.023663
275.000000    55.000000  0.023374
275.000000    60.000000  0.022953
275.000000    65.000000  0.022530
275.000000    70.000000  0.023197
275.000000    75.000000  0.023747
275.000000    80.000000  0.024177
275.000000    85.000000  0.024485
275.000000    90.000000  0.024671
275.000000    95.000000  0.024733
275.000000    100.000000  0.024671
275.000000    105.000000  0.024485
275.000000    110.000000  0.024177
275.000000    115.000000  0.023747
275.000000    120.000000  0.023197
275.000000    125.000000  0.022530
275.000000    130.000000  0.033739
275.000000    135.000000  0.043984
275.000000    140.000000  0.052226
275.000000    145.000000  0.058980
275.000000    150.000000  0.064675
275.000000    155.000000  0.069347
275.000000    160.000000  0.073157
275.000000    165.000000  0.076167
275.000000    170.000000  0.078352
275.000000    175.000000  0.079519
275.000000    180.000000  0.078995
280.000000    0.000000  0.016196
280.000000    5.000000  0.015620
280.000000    10.000000  0.014925
280.000000    15.000000  0.019889
280.000000    20.000000  0.025352
280.000000    25.000000  0.028608
280.000000    30.000000  0.030732
280.000000    35.000000  0.032178
280.000000    40.000000  0.033159
280.000000    45.000000  0.033798
280.000000    50.000000  0.034158
280.000000    55.000000  0.034316
280.000000    60.000000  0.034283
280.000000    65.000000  0.034077
280.000000    70.000000  0.033840
280.000000    75.000000  0.034587
280.000000    80.000000  0.035196
280.000000    85.000000  0.035669
280.000000    90.000000  0.036007
280.000000    95.000000  0.036209
280.000000    100.000000  0.036276
280.000000    105.000000  0.036209
280.000000    110.000000  0.036007
280.000000    115.000000  0.035669
280.000000    120.000000  0.035196
280.000000    125.000000  0.034587
280.000000    130.000000  0.033840
280.000000    135.000000  0.044862
280.000000    140.000000  0.054790
280.000000    145.000000  0.062620
280.000000    150.000000  0.068884
280.000000    155.000000  0.074005
280.000000    160.000000  0.078005
280.000000    165.000000  0.081004
280.000000    170.000000  0.082994
280.000000    175.000000  0.083824
280.000000    180.000000  0.083050
285.000000    0.000000  0.017176
285.000000    5.000000  0.016709
285.000000    10.000000  0.016115
285.000000    15.000000  0.015399
285.000000    20.000000  0.021541
285.000000    25.000000  0.028608
285.000000    30.000000  0.033124
285.000000    35.000000  0.036228
285.000000    40.000000  0.038447
285.000000    45.000000  0.040046
285.000000    50.000000  0.041188
285.000000    55.000000  0.041957
285.000000    60.000000  0.042469
285.000000    65.000000  0.042735
285.000000    70.000000  0.042781
285.000000    75.000000  0.042770
285.000000    80.000000  0.043626
285.000000    85.000000  0.044317
285.000000    90.000000  0.044850
285.000000    95.000000  0.045229
285.000000    100.000000  0.045455
285.000000    105.000000  0.045531
285.000000    110.000000  0.045455
285.000000    115.000000  0.045229
285.000000    120.000000  0.044850
285.000000    125.000000  0.044317
285.000000    130.000000  0.043626
285.000000    135.000000  0.042770
285.000000    140.000000  0.053549
285.000000    145.000000  0.063072
285.000000    150.000000  0.070389
285.000000    155.000000  0.076053
285.000000    160.000000  0.080489
285.000000    165.000000  0.083708
285.000000    170.000000  0.085804
285.000000    175.000000  0.086719
285.000000    180.000000  0.086234
290.000000    0.000000  0.017882
290.000000    5.000000  0.017540
290.000000    10.000000  0.017063
290.000000    15.000000  0.016457
290.000000    20.000000  0.015725
290.000000    25.000000  0.022573
290.000000    30.000000  0.030732
290.000000    35.000000  0.036228
290.000000    40.000000  0.040168
290.000000    45.000000  0.043088
290.000000    50.000000  0.045277
290.000000    55.000000  0.046915
290.000000    60.000000  0.048101
290.000000    65.000000  0.048981
290.000000    70.000000  0.049559
290.000000    75.000000  0.049874
290.000000    80.000000  0.050106
290.000000    85.000000  0.051083
290.000000    90.000000  0.051868
290.000000    95.000000  0.052471
290.000000    100.000000  0.052897
290.000000    105.000000  0.053151
290.000000    110.000000  0.053236
290.000000    115.000000  0.053151
290.000000    120.000000  0.052897
290.000000    125.000000  0.052471
290.000000    130.000000  0.051868
290.000000    135.000000  0.051083
290.000000    140.000000  0.050106
290.000000    145.000000  0.060595
290.000000    150.000000  0.069640
290.000000    155.000000  0.076360
290.000000    160.000000  0.081341
290.000000    165.000000  0.085018
290.000000    170.000000  0.087398
290.000000    175.000000  0.088556
290.000000    180.000000  0.088410
295.000000    0.000000  0.018313
295.000000    5.000000  0.018103
295.000000    10.000000  0.017756
295.000000    15.000000  0.017274
295.000000    20.000000  0.016660
295.000000    25.000000  0.015919
295.000000    30.000000  0.023231
295.000000    35.000000  0.032178
295.000000    40.000000  0.038447
295.000000    45.000000  0.043088
295.000000    50.000000  0.046627
295.000000    55.000000  0.049354
295.000000    60.000000  0.051460
295.000000    65.000000  0.053047
295.000000    70.000000  0.054286
295.000000    75.000000  0.055175
295.000000    80.000000  0.055760
295.000000    85.000000  0.056237
295.000000    90.000000  0.057340
295.000000    95.000000  0.058223
295.000000    100.000000  0.058897
295.000000    105.000000  0.059373
295.000000    110.000000  0.059657
295.000000    115.000000  0.059751
295.000000    120.000000  0.059657
295.000000    125.000000  0.059373
295.000000    130.000000  0.058897
295.000000    135.000000  0.058223
295.000000    140.000000  0.057340
295.000000    145.000000  0.056237
295.000000    150.000000  0.066395
295.000000    155.000000  0.074886
295.000000    160.000000  0.080925
295.000000    165.000000  0.085151
295.000000    170.000000  0.088009
295.000000    175.000000  0.089511
295.000000    180.000000  0.089723
300.000000    0.000000  0.018460
300.000000    5.000000  0.018389
300.000000    10.000000  0.018179
300.000000    15.000000  0.017831
300.000000    20.000000  0.017346
300.000000    25.000000  0.016730
300.000000    30.000000  0.015985
300.000000    35.000000  0.023624
300.000000    40.000000  0.033159
300.000000    45.000000  0.040046
300.000000    50.000000  0.045277
300.000000    55.000000  0.049354
300.000000    60.000000  0.052564
300.000000    65.000000  0.055098
300.000000    70.000000  0.057063
300.000000    75.000000  0.058642
300.000000    80.000000  0.059830
300.000000    85.000000  0.060680
300.000000    90.000000  0.061398
300.000000    95.000000  0.062624
300.000000    100.000000  0.063602
300.000000    105.000000  0.064347
300.000000    110.000000  0.064873
300.000000    115.000000  0.065185
300.000000    120.000000  0.065289
300.000000    125.000000  0.065185
300.000000    130.000000  0.064873
300.000000    135.000000  0.064347
300.000000    140.000000  0.063602
300.000000    145.000000  0.062624
300.000000    150.000000  0.061398
300.000000    155.000000  0.071173
300.000000    160.000000  0.079016
300.000000    165.000000  0.084281
300.000000    170.000000  0.087672
300.000000    175.000000  0.089650
300.000000    180.000000  0.090241
305.000000    0.000000  0.018321
305.000000    5.000000  0.018391
305.000000    10.000000  0.018321
305.000000    15.000000  0.018112
305.000000    20.000000  0.017765
305.000000    25.000000  0.017282
305.000000    30.000000  0.016667
305.000000    35.000000  0.015926
305.000000    40.000000  0.023807
305.000000    45.000000  0.033798
305.000000    50.000000  0.041188
305.000000    55.000000  0.046915
305.000000    60.000000  0.051460
305.000000    65.000000  0.055098
305.000000    70.000000  0.058021
305.000000    75.000000  0.060333
305.000000    80.000000  0.062231
305.000000    85.000000  0.063702
305.000000    90.000000  0.064805
305.000000    95.000000  0.065757
305.000000    100.000000  0.067098
305.000000    105.000000  0.068165
305.000000    110.000000  0.068978
305.000000    115.000000  0.069550
305.000000    120.000000  0.069889
305.000000    125.000000  0.070002
305.000000    130.000000  0.069889
305.000000    135.000000  0.069550
305.000000    140.000000  0.068978
305.000000    145.000000  0.068165
305.000000    150.000000  0.067098
305.000000    155.000000  0.065757
305.000000    160.000000  0.075072
305.000000    165.000000  0.082140
305.000000    170.000000  0.086511
305.000000    175.000000  0.088970
305.000000    180.000000  0.090001
310.000000    0.000000  0.017903
310.000000    5.000000  0.018110
310.000000    10.000000  0.018180
310.000000    15.000000  0.018110
310.000000    20.000000  0.017903
310.000000    25.000000  0.017560
310.000000    30.000000  0.017083
310.000000    35.000000  0.016475
310.000000    40.000000  0.015742
310.000000    45.000000  0.023810
310.000000    50.000000  0.034158
310.000000    55.000000  0.041957
310.000000    60.000000  0.048101
310.000000    65.000000  0.053047
310.000000    70.000000  0.057063
310.000000    75.000000  0.060333
310.000000    80.000000  0.062962
310.000000    85.000000  0.065153
310.000000    90.000000  0.066888
310.000000    95.000000  0.068230
310.000000    100.000000  0.069404
310.000000    105.000000  0.070850
310.000000    110.000000  0.071999
310.000000    115.000000  0.072873
310.000000    120.000000  0.073488
310.000000    125.000000  0.073853
310.000000    130.000000  0.073974
310.000000    135.000000  0.073853
310.000000    140.000000  0.073488
310.000000    145.000000  0.072873
310.000000    150.000000  0.071999
310.000000    155.000000  0.070850
310.000000    160.000000  0.069404
310.000000    165.000000  0.078135
310.000000    170.000000  0.084239
310.000000    175.000000  0.087552
310.000000    180.000000  0.088961
315.000000    0.000000  0.017218
315.000000    5.000000  0.017555
315.000000    10.000000  0.017758
315.000000    15.000000  0.017826
315.000000    20.000000  0.017758
315.000000    25.000000  0.017555
315.000000    30.000000  0.017218
315.000000    35.000000  0.016750
315.000000    40.000000  0.016154
315.000000    45.000000  0.015435
315.000000    50.000000  0.023663
315.000000    55.000000  0.034316
315.000000    60.000000  0.042469
315.000000    65.000000  0.048981
315.000000    70.000000  0.054286
315.000000    75.000000  0.058642
315.000000    80.000000  0.062231
315.000000    85.000000  0.065153
315.000000    90.000000  0.067617
315.000000    95.000000  0.069601
315.000000    100.000000  0.071170
315.000000    105.000000  0.072557
315.000000    110.000000  0.074097
315.000000    115.000000  0.075321
315.000000    120.000000  0.076251
315.000000    125.000000  0.076904
315.000000    130.000000  0.077292
315.000000    135.000000  0.077420
315.000000    140.000000  0.077292
315.000000    145.000000  0.076904
315.000000    150.000000  0.076251
315.000000    155.000000  0.075321
315.000000    160.000000  0.074097
315.000000    165.000000  0.072557
315.000000    170.000000  0.080468
315.000000    175.000000  0.085307
315.000000    180.000000  0.087332
320.000000    0.000000  0.016288
320.000000    5.000000  0.016743
320.000000    10.000000  0.017070
320.000000    15.000000  0.017268
320.000000    20.000000  0.017334
320.000000    25.000000  0.017268
320.000000    30.000000  0.017070
320.000000    35.000000  0.016743
320.000000    40.000000  0.016288
320.000000    45.000000  0.015708
320.000000    50.000000  0.015009
320.000000    55.000000  0.023374
320.000000    60.000000  0.034283
320.000000    65.000000  0.042735
320.000000    70.000000  0.049559
320.000000    75.000000  0.055175
320.000000    80.000000  0.059830
320.000000    85.000000  0.063702
320.000000    90.000000  0.066888
320.000000    95.000000  0.069601
320.000000    100.000000  0.071814
320.000000    105.000000  0.073593
320.000000    110.000000  0.075178
320.000000    115.000000  0.076800
320.000000    120.000000  0.078088
320.000000    125.000000  0.079066
320.000000    130.000000  0.079753
320.000000    135.000000  0.080160
320.000000    140.000000  0.080295
320.000000    145.000000  0.080160
320.000000    150.000000  0.079753
320.000000    155.000000  0.079066
320.000000    160.000000  0.078088
320.000000    165.000000  0.076800
320.000000    170.000000  0.075178
320.000000    175.000000  0.081775
320.000000    180.000000  0.084855
325.000000    0.000000  0.015141
325.000000    5.000000  0.015698
325.000000    10.000000  0.016136
325.000000    15.000000  0.016451
325.000000    20.000000  0.016641
325.000000    25.000000  0.016705
325.000000    30.000000  0.016641
325.000000    35.000000  0.016451
325.000000    40.000000  0.016136
325.000000    45.000000  0.015698
325.000000    50.000000  0.015141
325.000000    55.000000  0.014468
325.000000    60.000000  0.022953
325.000000    65.000000  0.034077
325.000000    70.000000  0.042781
325.000000    75.000000  0.049874
325.000000    80.000000  0.055760
325.000000    85.000000  0.060680
325.000000    90.000000  0.064805
325.000000    95.000000  0.068230
325.000000    100.000000  0.071170
325.000000    105.000000  0.073593
325.000000    110.000000  0.075562
325.000000    115.000000  0.077319
325.000000    120.000000  0.079009
325.000000    125.000000  0.080350
325.000000    130.000000  0.081368
325.000000    135.000000  0.082082
325.000000    140.000000  0.082506
325.000000    145.000000  0.082646
325.000000    150.000000  0.082506
325.000000    155.000000  0.082082
325.000000    160.000000  0.081368
325.000000    165.000000  0.080350
325.000000    170.000000  0.079009
325.000000    175.000000  0.077319
325.000000    180.000000  0.081247
330.000000    0.000000  0.013941
330.000000    5.000000  0.014585
330.000000    10.000000  0.015118
330.000000    15.000000  0.015537
330.000000    20.000000  0.015839
330.000000    25.000000  0.016021
330.000000    30.000000  0.016082
330.000000    35.000000  0.016021
330.000000    40.000000  0.015839
330.000000    45.000000  0.015537
330.000000    50.000000  0.015118
330.000000    55.000000  0.014584
330.000000    60.000000  0.013940
330.000000    65.000000  0.022530
330.000000    70.000000  0.033840
330.000000    75.000000  0.042770
330.000000    80.000000  0.050106
330.000000    85.000000  0.056237
330.000000    90.000000  0.061398
330.000000    95.000000  0.065757
330.000000    100.000000  0.069404
330.000000    105.000000  0.072557
330.000000    110.000000  0.075178
330.000000    115.000000  0.077319
330.000000    120.000000  0.079171
330.000000    125.000000  0.080922
330.000000    130.000000  0.082311
330.000000    135.000000  0.083365
330.000000    140.000000  0.084104
330.000000    145.000000  0.084542
330.000000    150.000000  0.084687
330.000000    155.000000  0.084542
330.000000    160.000000  0.084104
330.000000    165.000000  0.083365
330.000000    170.000000  0.082311
330.000000    175.000000  0.080922
330.000000    180.000000  0.079171
335.000000    0.000000  0.015267
335.000000    5.000000  0.014587
335.000000    10.000000  0.015261
335.000000    15.000000  0.015820
335.000000    20.000000  0.016259
335.000000    25.000000  0.016574
335.000000    30.000000  0.016765
335.000000    35.000000  0.016828
335.000000    40.000000  0.016765
335.000000    45.000000  0.016574
335.000000    50.000000  0.016258
335.000000    55.000000  0.015820
335.000000    60.000000  0.015261
335.000000    65.000000  0.014587
335.000000    70.000000  0.023197
335.000000    75.000000  0.034587
335.000000    80.000000  0.043626
335.000000    85.000000  0.051083
335.000000    90.000000  0.057340
335.000000    95.000000  0.062624
335.000000    100.000000  0.067098
335.000000    105.000000  0.070850
335.000000    110.000000  0.074097
335.000000    115.000000  0.076800
335.000000    120.000000  0.079009
335.000000    125.000000  0.080922
335.000000    130.000000  0.082750
335.000000    135.000000  0.084201
335.000000    140.000000  0.085302
335.000000    145.000000  0.086076
335.000000    150.000000  0.086534
335.000000    155.000000  0.086686
335.000000    160.000000  0.086534
335.000000    165.000000  0.086076
335.000000    170.000000  0.085302
335.000000    175.000000  0.084201
335.000000    180.000000  0.082750
340.000000    0.000000  0.016456
340.000000    5.000000  0.015825
340.000000    10.000000  0.015123
340.000000    15.000000  0.015822
340.000000    20.000000  0.016401
340.000000    25.000000  0.016856
340.000000    30.000000  0.017183
340.000000    35.000000  0.017381
340.000000    40.000000  0.017447
340.000000    45.000000  0.017381
340.000000    50.000000  0.017183
340.000000    55.000000  0.016856
340.000000    60.000000  0.016401
340.000000    65.000000  0.015822
340.000000    70.000000  0.015123
340.000000    75.000000  0.023747
340.000000    80.000000  0.035196
340.000000    85.000000  0.044317
340.000000    90.000000  0.051868
340.000000    95.000000  0.058223
340.000000    100.000000  0.063602
340.000000    105.000000  0.068165
340.000000    110.000000  0.071999
340.000000    115.000000  0.075321
340.000000    120.000000  0.078088
340.000000    125.000000  0.080350
340.000000    130.000000  0.082311
340.000000    135.000000  0.084201
340.000000    140.000000  0.085702
340.000000    145.000000  0.086842
340.000000    150.000000  0.087643
340.000000    155.000000  0.088118
340.000000    160.000000  0.088275
340.000000    165.000000  0.088118
340.000000    170.000000  0.087643
340.000000    175.000000  0.086842
340.000000    180.000000  0.085702
345.000000    0.000000  0.017396
345.000000    5.000000  0.016912
345.000000    10.000000  0.016264
345.000000    15.000000  0.015544
345.000000    20.000000  0.016263
345.000000    25.000000  0.016858
345.000000    30.000000  0.017325
345.000000    35.000000  0.017662
345.000000    40.000000  0.017865
345.000000    45.000000  0.017933
345.000000    50.000000  0.017865
345.000000    55.000000  0.017662
345.000000    60.000000  0.017325
345.000000    65.000000  0.016858
345.000000    70.000000  0.016262
345.000000    75.000000  0.015544
345.000000    80.000000  0.024177
345.000000    85.000000  0.035669
345.000000    90.000000  0.044850
345.000000    95.000000  0.052471
345.000000    100.000000  0.058897
345.000000    105.000000  0.064347
345.000000    110.000000  0.068978
345.000000    115.000000  0.072873
345.000000    120.000000  0.076251
345.000000    125.000000  0.079066
345.000000    130.000000  0.081368
345.000000    135.000000  0.083365
345.000000    140.000000  0.085302
345.000000    145.000000  0.086842
345.000000    150.000000  0.088013
345.000000    155.000000  0.088835
345.000000    160.000000  0.089323
345.000000    165.000000  0.089484
345.000000    170.000000  0.089323
345.000000    175.000000  0.088835
345.000000    180.000000  0.088013
350.000000    0.000000  0.018083
350.000000    5.000000  0.017733
350.000000    10.000000  0.017240
350.000000    15.000000  0.016579
350.000000    20.000000  0.015847
350.000000    25.000000  0.016580
350.000000    30.000000  0.017186
350.000000    35.000000  0.017663
350.000000    40.000000  0.018006
350.000000    45.000000  0.018213
350.000000    50.000000  0.018282
350.000000    55.000000  0.018213
350.000000    60.000000  0.018006
350.000000    65.000000  0.017663
350.000000    70.000000  0.017186
350.000000    75.000000  0.016579
350.000000    80.000000  0.015847
350.000000    85.000000  0.024485
350.000000    90.000000  0.036007
350.000000    95.000000  0.045229
350.000000    100.000000  0.052897
350.000000    105.000000  0.059373
350.000000    110.000000  0.064873
350.000000    115.000000  0.069550
350.000000    120.000000  0.073488
350.000000    125.000000  0.076904
350.000000    130.000000  0.079753
350.000000    135.000000  0.082082
350.000000    140.000000  0.084104
350.000000    145.000000  0.086076
350.000000    150.000000  0.087643
350.000000    155.000000  0.088835
350.000000    160.000000  0.089672
350.000000    165.000000  0.090169
350.000000    170.000000  0.090333
350.000000    175.000000  0.090169
350.000000    180.000000  0.089672
355.000000    0.000000  0.018503
355.000000    5.000000  0.018291
355.000000    10.000000  0.017937
355.000000    15.000000  0.017438
355.000000    20.000000  0.016770
355.000000    25.000000  0.016030
355.000000    30.000000  0.016771
355.000000    35.000000  0.017385
355.000000    40.000000  0.017867
355.000000    45.000000  0.018214
355.000000    50.000000  0.018423
355.000000    55.000000  0.018493
355.000000    60.000000  0.018423
355.000000    65.000000  0.018214
355.000000    70.000000  0.017867
355.000000    75.000000  0.017384
355.000000    80.000000  0.016771
355.000000    85.000000  0.016030
355.000000    90.000000  0.024671
355.000000    95.000000  0.036209
355.000000    100.000000  0.045455
355.000000    105.000000  0.053151
355.000000    110.000000  0.059657
355.000000    115.000000  0.065185
355.000000    120.000000  0.069889
355.000000    125.000000  0.073853
355.000000    130.000000  0.077292
355.000000    135.000000  0.080160
355.000000    140.000000  0.082506
355.000000    145.000000  0.084542
355.000000    150.000000  0.086534
355.000000    155.000000  0.088118
355.000000    160.000000  0.089323
355.000000    165.000000  0.090169
355.000000    170.000000  0.090671
355.000000    175.000000  0.090837
355.000000    180.000000  0.090671
360.000000    0.000000  0.018645
360.000000    5.000000  0.018573
360.000000    10.000000  0.018360
360.000000    15.000000  0.018004
360.000000    20.000000  0.017504
360.000000    25.000000  0.016833
360.000000    30.000000  0.016091
360.000000    35.000000  0.016835
360.000000    40.000000  0.017451
360.000000    45.000000  0.017935
360.000000    50.000000  0.018283
360.000000    55.000000  0.018493
360.000000    60.000000  0.018563
360.000000    65.000000  0.018493
360.000000    70.000000  0.018283
360.000000    75.000000  0.017935
360.000000    80.000000  0.017451
360.000000    85.000000  0.016834
360.000000    90.000000  0.016091
360.000000    95.000000  0.024733
360.000000    100.000000  0.036276
360.000000    105.000000  0.045531
360.000000    110.000000  0.053236
360.000000    115.000000  0.059751
360.000000    120.000000  0.065289
360.000000    125.000000  0.070002
360.000000    130.000000  0.073974
360.000000    135.000000  0.077420
360.000000    140.000000  0.080295
360.000000    145.000000  0.082646
360.000000    150.000000  0.084687
360.000000    155.000000  0.086686
360.000000    160.000000  0.088275
360.000000    165.000000  0.089484
360.000000    170.000000  0.090333
360.000000    175.000000  0.090837
360.000000    180.000000  0.091004
