0.000000    0.000000  0.113693
0.000000    5.000000  0.113321
0.000000    10.000000  0.112230
0.000000    15.000000  0.110407
0.000000    20.000000  0.107846
0.000000    25.000000  0.104536
0.000000    30.000000  0.100467
0.000000    35.000000  0.095626
0.000000    40.000000  0.089975
0.000000    45.000000  0.083669
0.000000    50.000000  0.083376
0.000000    55.000000  0.082497
0.000000    60.000000  0.081033
0.000000    65.000000  0.078987
0.000000    70.000000  0.076363
0.000000    75.000000  0.073169
0.000000    80.000000  0.069416
0.000000    85.000000  0.065117
0.000000    90.000000  0.060296
0.000000    95.000000  0.083994
0.000000    100.000000  0.105746
0.000000    105.000000  0.123665
0.000000    110.000000  0.138697
0.000000    115.000000  0.151384
0.000000    120.000000  0.162152
0.000000    125.000000  0.171254
0.000000    130.000000  0.178895
0.000000    135.000000  0.185506
0.000000    140.000000  0.193224
0.000000    145.000000  0.199675
0.000000    150.000000  0.205011
0.000000    155.000000  0.209351
0.000000    160.000000  0.212789
0.000000    165.000000  0.215394
0.000000    170.000000  0.217220
0.000000    175.000000  0.218302
0.000000    180.000000  0.218660
5.000000    0.000000  0.112959
5.000000    5.000000  0.113330
5.000000    10.000000  0.112959
5.000000    15.000000  0.111871
5.000000    20.000000  0.110053
5.000000    25.000000  0.107500
5.000000    30.000000  0.104199
5.000000    35.000000  0.100143
5.000000    40.000000  0.095316
5.000000    45.000000  0.089681
5.000000    50.000000  0.083394
5.000000    55.000000  0.083101
5.000000    60.000000  0.082225
5.000000    65.000000  0.080765
5.000000    70.000000  0.078726
5.000000    75.000000  0.076110
5.000000    80.000000  0.072926
5.000000    85.000000  0.069184
5.000000    90.000000  0.064899
5.000000    95.000000  0.060093
5.000000    100.000000  0.083800
5.000000    105.000000  0.105551
5.000000    110.000000  0.123463
5.000000    115.000000  0.138486
5.000000    120.000000  0.151163
5.000000    125.000000  0.161920
5.000000    130.000000  0.171012
5.000000    135.000000  0.178644
5.000000    140.000000  0.185246
5.000000    145.000000  0.192942
5.000000    150.000000  0.199375
5.000000    155.000000  0.204695
5.000000    160.000000  0.209022
5.000000    165.000000  0.212449
5.000000    170.000000  0.215047
5.000000    175.000000  0.216867
5.000000    180.000000  0.217945
10.000000    0.000000  0.110794
10.000000    5.000000  0.111873
10.000000    10.000000  0.112240
10.000000    15.000000  0.111873
10.000000    20.000000  0.110794
10.000000    25.000000  0.108992
10.000000    30.000000  0.106460
10.000000    35.000000  0.103188
10.000000    40.000000  0.099167
10.000000    45.000000  0.094383
10.000000    50.000000  0.088799
10.000000    55.000000  0.082567
10.000000    60.000000  0.082277
10.000000    65.000000  0.081408
10.000000    70.000000  0.079962
10.000000    75.000000  0.077941
10.000000    80.000000  0.075350
10.000000    85.000000  0.072195
10.000000    90.000000  0.068488
10.000000    95.000000  0.064244
10.000000    100.000000  0.059483
10.000000    105.000000  0.083216
10.000000    110.000000  0.104965
10.000000    115.000000  0.122857
10.000000    120.000000  0.137851
10.000000    125.000000  0.150495
10.000000    130.000000  0.161219
10.000000    135.000000  0.170280
10.000000    140.000000  0.177884
10.000000    145.000000  0.184460
10.000000    150.000000  0.192092
10.000000    155.000000  0.198468
10.000000    160.000000  0.203740
10.000000    165.000000  0.208028
10.000000    170.000000  0.211423
10.000000    175.000000  0.213996
10.000000    180.000000  0.215799
15.000000    0.000000  0.107218
15.000000    5.000000  0.108994
15.000000    10.000000  0.110057
15.000000    15.000000  0.110419
15.000000    20.000000  0.110057
15.000000    25.000000  0.108994
15.000000    30.000000  0.107218
15.000000    35.000000  0.104723
15.000000    40.000000  0.101499
15.000000    45.000000  0.097538
15.000000    50.000000  0.092825
15.000000    55.000000  0.087325
15.000000    60.000000  0.081186
15.000000    65.000000  0.080901
15.000000    70.000000  0.080045
15.000000    75.000000  0.078622
15.000000    80.000000  0.076632
15.000000    85.000000  0.074081
15.000000    90.000000  0.070975
15.000000    95.000000  0.067327
15.000000    100.000000  0.063150
15.000000    105.000000  0.058466
15.000000    110.000000  0.082242
15.000000    115.000000  0.103984
15.000000    120.000000  0.121841
15.000000    125.000000  0.136784
15.000000    130.000000  0.149371
15.000000    135.000000  0.160038
15.000000    140.000000  0.169045
15.000000    145.000000  0.176601
15.000000    150.000000  0.183132
15.000000    155.000000  0.190654
15.000000    160.000000  0.196935
15.000000    165.000000  0.202128
15.000000    170.000000  0.206349
15.000000    175.000000  0.209690
15.000000    180.000000  0.212222
20.000000    0.000000  0.102283
20.000000    5.000000  0.104726
20.000000    10.000000  0.106465
20.000000    15.000000  0.107506
20.000000    20.000000  0.107860
20.000000    25.000000  0.107506
20.000000    30.000000  0.106465
20.000000    35.000000  0.104726
20.000000    40.000000  0.102283
20.000000    45.000000  0.099127
20.000000    50.000000  0.095249
20.000000    55.000000  0.090636
20.000000    60.000000  0.085255
20.000000    65.000000  0.079248
20.000000    70.000000  0.078969
20.000000    75.000000  0.078132
20.000000    80.000000  0.076740
20.000000    85.000000  0.074794
20.000000    90.000000  0.072300
20.000000    95.000000  0.069264
20.000000    100.000000  0.065698
20.000000    105.000000  0.061616
20.000000    110.000000  0.057039
20.000000    115.000000  0.080873
20.000000    120.000000  0.102602
20.000000    125.000000  0.120404
20.000000    130.000000  0.135271
20.000000    135.000000  0.147774
20.000000    140.000000  0.158356
20.000000    145.000000  0.167282
20.000000    150.000000  0.174767
20.000000    155.000000  0.181230
20.000000    160.000000  0.188597
20.000000    165.000000  0.194745
20.000000    170.000000  0.199824
20.000000    175.000000  0.203951
20.000000    180.000000  0.207217
25.000000    0.000000  0.096064
25.000000    5.000000  0.099132
25.000000    10.000000  0.101507
25.000000    15.000000  0.103198
25.000000    20.000000  0.104211
25.000000    25.000000  0.104555
25.000000    30.000000  0.104211
25.000000    35.000000  0.103198
25.000000    40.000000  0.101507
25.000000    45.000000  0.099132
25.000000    50.000000  0.096064
25.000000    55.000000  0.092295
25.000000    60.000000  0.087812
25.000000    65.000000  0.082585
25.000000    70.000000  0.076748
25.000000    75.000000  0.076477
25.000000    80.000000  0.075665
25.000000    85.000000  0.074313
25.000000    90.000000  0.072424
25.000000    95.000000  0.070004
25.000000    100.000000  0.067058
25.000000    105.000000  0.063598
25.000000    110.000000  0.059639
25.000000    115.000000  0.055202
25.000000    120.000000  0.079107
25.000000    125.000000  0.100811
25.000000    130.000000  0.118533
25.000000    135.000000  0.133293
25.000000    140.000000  0.145678
25.000000    145.000000  0.156142
25.000000    150.000000  0.164957
25.000000    155.000000  0.172341
25.000000    160.000000  0.178712
25.000000    165.000000  0.185877
25.000000    170.000000  0.191850
25.000000    175.000000  0.196780
25.000000    180.000000  0.200784
30.000000    0.000000  0.088669
30.000000    5.000000  0.092303
30.000000    10.000000  0.095263
30.000000    15.000000  0.097554
30.000000    20.000000  0.099186
30.000000    25.000000  0.100163
30.000000    30.000000  0.100495
30.000000    35.000000  0.100163
30.000000    40.000000  0.099186
30.000000    45.000000  0.097554
30.000000    50.000000  0.095263
30.000000    55.000000  0.092303
30.000000    60.000000  0.088669
30.000000    65.000000  0.084348
30.000000    70.000000  0.079310
30.000000    75.000000  0.073683
30.000000    80.000000  0.073422
30.000000    85.000000  0.072640
30.000000    90.000000  0.071338
30.000000    95.000000  0.069520
30.000000    100.000000  0.067190
30.000000    105.000000  0.064355
30.000000    110.000000  0.061026
30.000000    115.000000  0.057219
30.000000    120.000000  0.052953
30.000000    125.000000  0.076940
30.000000    130.000000  0.098600
30.000000    135.000000  0.116209
30.000000    140.000000  0.130822
30.000000    145.000000  0.143047
30.000000    150.000000  0.153353
30.000000    155.000000  0.162019
30.000000    160.000000  0.169270
30.000000    165.000000  0.175518
30.000000    170.000000  0.182429
30.000000    175.000000  0.188184
30.000000    180.000000  0.192929
35.000000    0.000000  0.080238
35.000000    5.000000  0.084366
35.000000    10.000000  0.087840
35.000000    15.000000  0.090670
35.000000    20.000000  0.092861
35.000000    25.000000  0.094422
35.000000    30.000000  0.095357
35.000000    35.000000  0.095674
35.000000    40.000000  0.095357
35.000000    45.000000  0.094422
35.000000    50.000000  0.092861
35.000000    55.000000  0.090670
35.000000    60.000000  0.087840
35.000000    65.000000  0.084366
35.000000    70.000000  0.080238
35.000000    75.000000  0.075428
35.000000    80.000000  0.070052
35.000000    85.000000  0.069803
35.000000    90.000000  0.069057
35.000000    95.000000  0.067815
35.000000    100.000000  0.066080
35.000000    105.000000  0.063858
35.000000    110.000000  0.061155
35.000000    115.000000  0.057983
35.000000    120.000000  0.054356
35.000000    125.000000  0.050294
35.000000    130.000000  0.074367
35.000000    135.000000  0.095956
35.000000    140.000000  0.113408
35.000000    145.000000  0.127823
35.000000    150.000000  0.139835
35.000000    155.000000  0.149932
35.000000    160.000000  0.158403
35.000000    165.000000  0.165480
35.000000    170.000000  0.171566
35.000000    175.000000  0.178170
35.000000    180.000000  0.183661
40.000000    0.000000  0.070939
40.000000    5.000000  0.075485
40.000000    10.000000  0.079388
40.000000    15.000000  0.082674
40.000000    20.000000  0.085351
40.000000    25.000000  0.087425
40.000000    30.000000  0.088903
40.000000    35.000000  0.089788
40.000000    40.000000  0.090087
40.000000    45.000000  0.089788
40.000000    50.000000  0.088903
40.000000    55.000000  0.087425
40.000000    60.000000  0.085351
40.000000    65.000000  0.082674
40.000000    70.000000  0.079388
40.000000    75.000000  0.075485
40.000000    80.000000  0.070939
40.000000    85.000000  0.065856
40.000000    90.000000  0.065621
40.000000    95.000000  0.064917
40.000000    100.000000  0.063745
40.000000    105.000000  0.062108
40.000000    110.000000  0.060011
40.000000    115.000000  0.057463
40.000000    120.000000  0.054472
40.000000    125.000000  0.051054
40.000000    130.000000  0.047228
40.000000    135.000000  0.071388
40.000000    140.000000  0.092864
40.000000    145.000000  0.110097
40.000000    150.000000  0.124246
40.000000    155.000000  0.135981
40.000000    160.000000  0.145806
40.000000    165.000000  0.154024
40.000000    170.000000  0.160875
40.000000    175.000000  0.166753
40.000000    180.000000  0.172991
45.000000    0.000000  0.061105
45.000000    5.000000  0.065852
45.000000    10.000000  0.070094
45.000000    15.000000  0.073739
45.000000    20.000000  0.076809
45.000000    25.000000  0.079311
45.000000    30.000000  0.081251
45.000000    35.000000  0.082633
45.000000    40.000000  0.083460
45.000000    45.000000  0.083740
45.000000    50.000000  0.083460
45.000000    55.000000  0.082633
45.000000    60.000000  0.081251
45.000000    65.000000  0.079311
45.000000    70.000000  0.076809
45.000000    75.000000  0.073739
45.000000    80.000000  0.070094
45.000000    85.000000  0.065852
45.000000    90.000000  0.061105
45.000000    95.000000  0.060886
45.000000    100.000000  0.060229
45.000000    105.000000  0.059137
45.000000    110.000000  0.057612
45.000000    115.000000  0.055659
45.000000    120.000000  0.053286
45.000000    125.000000  0.050502
45.000000    130.000000  0.047323
45.000000    135.000000  0.043767
45.000000    140.000000  0.068000
45.000000    145.000000  0.089301
45.000000    150.000000  0.106234
45.000000    155.000000  0.120030
45.000000    160.000000  0.131400
45.000000    165.000000  0.140873
45.000000    170.000000  0.148767
45.000000    175.000000  0.155328
45.000000    180.000000  0.160941
50.000000    0.000000  0.060444
50.000000    5.000000  0.060662
50.000000    10.000000  0.071906
50.000000    15.000000  0.078556
50.000000    20.000000  0.083252
50.000000    25.000000  0.086868
50.000000    30.000000  0.089689
50.000000    35.000000  0.091839
50.000000    40.000000  0.093380
50.000000    45.000000  0.094347
50.000000    50.000000  0.094760
50.000000    55.000000  0.094624
50.000000    60.000000  0.093954
50.000000    65.000000  0.092753
50.000000    70.000000  0.091023
50.000000    75.000000  0.088762
50.000000    80.000000  0.085966
50.000000    85.000000  0.082632
50.000000    90.000000  0.078746
50.000000    95.000000  0.074382
50.000000    100.000000  0.074176
50.000000    105.000000  0.073559
50.000000    110.000000  0.072532
50.000000    115.000000  0.071098
50.000000    120.000000  0.069259
50.000000    125.000000  0.067021
50.000000    130.000000  0.064391
50.000000    135.000000  0.061378
50.000000    140.000000  0.057995
50.000000    145.000000  0.082110
50.000000    150.000000  0.102929
50.000000    155.000000  0.119162
50.000000    160.000000  0.132094
50.000000    165.000000  0.142417
50.000000    170.000000  0.150545
50.000000    175.000000  0.156456
50.000000    180.000000  0.159223
55.000000    0.000000  0.059167
55.000000    5.000000  0.059814
55.000000    10.000000  0.060030
55.000000    15.000000  0.073906
55.000000    20.000000  0.082889
55.000000    25.000000  0.089114
55.000000    30.000000  0.093757
55.000000    35.000000  0.097304
55.000000    40.000000  0.099994
55.000000    45.000000  0.101962
55.000000    50.000000  0.103291
55.000000    55.000000  0.104025
55.000000    60.000000  0.104180
55.000000    65.000000  0.103793
55.000000    70.000000  0.102882
55.000000    75.000000  0.101455
55.000000    80.000000  0.099515
55.000000    85.000000  0.097064
55.000000    90.000000  0.094098
55.000000    95.000000  0.090613
55.000000    100.000000  0.086674
55.000000    105.000000  0.086476
55.000000    110.000000  0.085882
55.000000    115.000000  0.084892
55.000000    120.000000  0.083506
55.000000    125.000000  0.081724
55.000000    130.000000  0.079546
55.000000    135.000000  0.076973
55.000000    140.000000  0.074005
55.000000    145.000000  0.070638
55.000000    150.000000  0.094349
55.000000    155.000000  0.114263
55.000000    160.000000  0.129271
55.000000    165.000000  0.140714
55.000000    170.000000  0.149239
55.000000    175.000000  0.155108
55.000000    180.000000  0.157966
60.000000    0.000000  0.057037
60.000000    5.000000  0.058095
60.000000    10.000000  0.058731
60.000000    15.000000  0.058944
60.000000    20.000000  0.074092
60.000000    25.000000  0.084702
60.000000    30.000000  0.092250
60.000000    35.000000  0.097913
60.000000    40.000000  0.102254
60.000000    45.000000  0.105578
60.000000    50.000000  0.108072
60.000000    55.000000  0.109856
60.000000    60.000000  0.111002
60.000000    65.000000  0.111527
60.000000    70.000000  0.111497
60.000000    75.000000  0.110944
60.000000    80.000000  0.109881
60.000000    85.000000  0.108316
60.000000    90.000000  0.106255
60.000000    95.000000  0.103698
60.000000    100.000000  0.100646
60.000000    105.000000  0.097160
60.000000    110.000000  0.096966
60.000000    115.000000  0.096383
60.000000    120.000000  0.095410
60.000000    125.000000  0.094044
60.000000    130.000000  0.092281
60.000000    135.000000  0.090114
60.000000    140.000000  0.087535
60.000000    145.000000  0.084532
60.000000    150.000000  0.081087
60.000000    155.000000  0.104153
60.000000    160.000000  0.122792
60.000000    165.000000  0.136160
60.000000    170.000000  0.145689
60.000000    175.000000  0.152011
60.000000    180.000000  0.155291
65.000000    0.000000  0.054115
65.000000    5.000000  0.055556
65.000000    10.000000  0.056589
65.000000    15.000000  0.057209
65.000000    20.000000  0.057416
65.000000    25.000000  0.073307
65.000000    30.000000  0.085067
65.000000    35.000000  0.093682
65.000000    40.000000  0.100248
65.000000    45.000000  0.105343
65.000000    50.000000  0.109304
65.000000    55.000000  0.112345
65.000000    60.000000  0.114615
65.000000    65.000000  0.116212
65.000000    70.000000  0.117146
65.000000    75.000000  0.117516
65.000000    80.000000  0.117360
65.000000    85.000000  0.116697
65.000000    90.000000  0.115541
65.000000    95.000000  0.113903
65.000000    100.000000  0.111783
65.000000    105.000000  0.109189
65.000000    110.000000  0.106174
65.000000    115.000000  0.105982
65.000000    120.000000  0.105403
65.000000    125.000000  0.104434
65.000000    130.000000  0.103070
65.000000    135.000000  0.101300
65.000000    140.000000  0.099112
65.000000    145.000000  0.096489
65.000000    150.000000  0.093406
65.000000    155.000000  0.089828
65.000000    160.000000  0.112000
65.000000    165.000000  0.128971
65.000000    170.000000  0.140297
65.000000    175.000000  0.147554
65.000000    180.000000  0.151394
70.000000    0.000000  0.050475
70.000000    5.000000  0.052260
70.000000    10.000000  0.053654
70.000000    15.000000  0.054653
70.000000    20.000000  0.055253
70.000000    25.000000  0.055454
70.000000    30.000000  0.071855
70.000000    35.000000  0.084470
70.000000    40.000000  0.093945
70.000000    45.000000  0.101288
70.000000    50.000000  0.107067
70.000000    55.000000  0.111628
70.000000    60.000000  0.115205
70.000000    65.000000  0.117963
70.000000    70.000000  0.120020
70.000000    75.000000  0.121381
70.000000    80.000000  0.122173
70.000000    85.000000  0.122436
70.000000    90.000000  0.122196
70.000000    95.000000  0.121471
70.000000    100.000000  0.120277
70.000000    105.000000  0.118617
70.000000    110.000000  0.116499
70.000000    115.000000  0.113971
70.000000    120.000000  0.113779
70.000000    125.000000  0.113199
70.000000    130.000000  0.112226
70.000000    135.000000  0.110852
70.000000    140.000000  0.109062
70.000000    145.000000  0.106836
70.000000    150.000000  0.104147
70.000000    155.000000  0.100959
70.000000    160.000000  0.097222
70.000000    165.000000  0.118168
70.000000    170.000000  0.132964
70.000000    175.000000  0.141781
70.000000    180.000000  0.146393
75.000000    0.000000  0.046209
75.000000    5.000000  0.048287
75.000000    10.000000  0.049998
75.000000    15.000000  0.051334
75.000000    20.000000  0.052292
75.000000    25.000000  0.052868
75.000000    30.000000  0.053060
75.000000    35.000000  0.069816
75.000000    40.000000  0.083080
75.000000    45.000000  0.093254
75.000000    50.000000  0.101263
75.000000    55.000000  0.107652
75.000000    60.000000  0.112770
75.000000    65.000000  0.116858
75.000000    70.000000  0.120092
75.000000    75.000000  0.122607
75.000000    80.000000  0.124400
75.000000    85.000000  0.125623
75.000000    90.000000  0.126318
75.000000    95.000000  0.126516
75.000000    100.000000  0.126238
75.000000    105.000000  0.125505
75.000000    110.000000  0.124321
75.000000    115.000000  0.122694
75.000000    120.000000  0.120665
75.000000    125.000000  0.120472
75.000000    130.000000  0.119889
75.000000    135.000000  0.118908
75.000000    140.000000  0.117518
75.000000    145.000000  0.115700
75.000000    150.000000  0.113426
75.000000    155.000000  0.110662
75.000000    160.000000  0.107360
75.000000    165.000000  0.103455
75.000000    170.000000  0.122623
75.000000    175.000000  0.134492
75.000000    180.000000  0.140184
80.000000    0.000000  0.041423
80.000000    5.000000  0.043732
80.000000    10.000000  0.045703
80.000000    15.000000  0.047327
80.000000    20.000000  0.048595
80.000000    25.000000  0.049504
80.000000    30.000000  0.050050
80.000000    35.000000  0.050233
80.000000    40.000000  0.067246
80.000000    45.000000  0.081015
80.000000    50.000000  0.091763
80.000000    55.000000  0.100343
80.000000    60.000000  0.107275
80.000000    65.000000  0.112903
80.000000    70.000000  0.117471
80.000000    75.000000  0.121164
80.000000    80.000000  0.124127
80.000000    85.000000  0.126351
80.000000    90.000000  0.128009
80.000000    95.000000  0.129143
80.000000    100.000000  0.129787
80.000000    105.000000  0.129969
80.000000    110.000000  0.129710
80.000000    115.000000  0.129014
80.000000    120.000000  0.127891
80.000000    125.000000  0.126374
80.000000    130.000000  0.126179
80.000000    135.000000  0.125592
80.000000    140.000000  0.124602
80.000000    145.000000  0.123195
80.000000    150.000000  0.121346
80.000000    155.000000  0.119024
80.000000    160.000000  0.116184
80.000000    165.000000  0.112768
80.000000    170.000000  0.108700
80.000000    175.000000  0.124956
80.000000    180.000000  0.132661
85.000000    0.000000  0.036206
85.000000    5.000000  0.038671
85.000000    10.000000  0.040832
85.000000    15.000000  0.042677
85.000000    20.000000  0.044197
85.000000    25.000000  0.045385
85.000000    30.000000  0.046236
85.000000    35.000000  0.046748
85.000000    40.000000  0.046919
85.000000    45.000000  0.064136
85.000000    50.000000  0.078309
85.000000    55.000000  0.089533
85.000000    60.000000  0.098603
85.000000    65.000000  0.106015
85.000000    70.000000  0.112107
85.000000    75.000000  0.117123
85.000000    80.000000  0.121252
85.000000    85.000000  0.124651
85.000000    90.000000  0.127300
85.000000    95.000000  0.129392
85.000000    100.000000  0.130969
85.000000    105.000000  0.132069
85.000000    110.000000  0.132720
85.000000    115.000000  0.132946
85.000000    120.000000  0.132754
85.000000    125.000000  0.132151
85.000000    130.000000  0.131164
85.000000    135.000000  0.130969
85.000000    140.000000  0.130378
85.000000    145.000000  0.129381
85.000000    150.000000  0.127960
85.000000    155.000000  0.126086
85.000000    160.000000  0.123720
85.000000    165.000000  0.120813
85.000000    170.000000  0.117295
85.000000    175.000000  0.113080
85.000000    180.000000  0.123338
90.000000    0.000000  0.030990
90.000000    5.000000  0.033552
90.000000    10.000000  0.035847
90.000000    15.000000  0.037861
90.000000    20.000000  0.039580
90.000000    25.000000  0.040997
90.000000    30.000000  0.042105
90.000000    35.000000  0.042899
90.000000    40.000000  0.043377
90.000000    45.000000  0.043536
90.000000    50.000000  0.060919
90.000000    55.000000  0.075446
90.000000    60.000000  0.087098
90.000000    65.000000  0.096617
90.000000    70.000000  0.104476
90.000000    75.000000  0.111007
90.000000    80.000000  0.116453
90.000000    85.000000  0.121004
90.000000    90.000000  0.124825
90.000000    95.000000  0.127890
90.000000    100.000000  0.130407
90.000000    105.000000  0.132417
90.000000    110.000000  0.133960
90.000000    115.000000  0.135068
90.000000    120.000000  0.135765
90.000000    125.000000  0.136057
90.000000    130.000000  0.135955
90.000000    135.000000  0.135552
90.000000    140.000000  0.135355
90.000000    145.000000  0.134757
90.000000    150.000000  0.133748
90.000000    155.000000  0.132305
90.000000    160.000000  0.130397
90.000000    165.000000  0.127979
90.000000    170.000000  0.124994
90.000000    175.000000  0.121366
90.000000    180.000000  0.116997
95.000000    0.000000  0.036206
95.000000    5.000000  0.033552
95.000000    10.000000  0.036320
95.000000    15.000000  0.038798
95.000000    20.000000  0.040972
95.000000    25.000000  0.042827
95.000000    30.000000  0.044356
95.000000    35.000000  0.045551
95.000000    40.000000  0.046407
95.000000    45.000000  0.046922
95.000000    50.000000  0.047094
95.000000    55.000000  0.064584
95.000000    60.000000  0.079345
95.000000    65.000000  0.091283
95.000000    70.000000  0.101101
95.000000    75.000000  0.109251
95.000000    80.000000  0.116051
95.000000    85.000000  0.121739
95.000000    90.000000  0.126502
95.000000    95.000000  0.130507
95.000000    100.000000  0.133717
95.000000    105.000000  0.136351
95.000000    110.000000  0.138447
95.000000    115.000000  0.140043
95.000000    120.000000  0.141174
95.000000    125.000000  0.141862
95.000000    130.000000  0.142113
95.000000    135.000000  0.141936
95.000000    140.000000  0.141433
95.000000    145.000000  0.141218
95.000000    150.000000  0.140569
95.000000    155.000000  0.139472
95.000000    160.000000  0.137905
95.000000    165.000000  0.135834
95.000000    170.000000  0.133215
95.000000    175.000000  0.129986
95.000000    180.000000  0.126070
100.000000    0.000000  0.041423
100.000000    5.000000  0.038671
100.000000    10.000000  0.035847
100.000000    15.000000  0.038798
100.000000    20.000000  0.041440
100.000000    25.000000  0.043756
100.000000    30.000000  0.045732
100.000000    35.000000  0.047360
100.000000    40.000000  0.048632
100.000000    45.000000  0.049544
100.000000    50.000000  0.050092
100.000000    55.000000  0.050275
100.000000    60.000000  0.067848
100.000000    65.000000  0.082791
100.000000    70.000000  0.094955
100.000000    75.000000  0.105011
100.000000    80.000000  0.113392
100.000000    85.000000  0.120407
100.000000    90.000000  0.126289
100.000000    95.000000  0.131220
100.000000    100.000000  0.135370
100.000000    105.000000  0.138694
100.000000    110.000000  0.141418
100.000000    115.000000  0.143576
100.000000    120.000000  0.145208
100.000000    125.000000  0.146348
100.000000    130.000000  0.147018
100.000000    135.000000  0.147223
100.000000    140.000000  0.146968
100.000000    145.000000  0.146368
100.000000    150.000000  0.146138
100.000000    155.000000  0.145443
100.000000    160.000000  0.144270
100.000000    165.000000  0.142595
100.000000    170.000000  0.140384
100.000000    175.000000  0.137590
100.000000    180.000000  0.134150
105.000000    0.000000  0.046209
105.000000    5.000000  0.043732
105.000000    10.000000  0.040832
105.000000    15.000000  0.037861
105.000000    20.000000  0.040972
105.000000    25.000000  0.043756
105.000000    30.000000  0.046195
105.000000    35.000000  0.048277
105.000000    40.000000  0.049991
105.000000    45.000000  0.051330
105.000000    50.000000  0.052290
105.000000    55.000000  0.052867
105.000000    60.000000  0.053059
105.000000    65.000000  0.070698
105.000000    70.000000  0.085783
105.000000    75.000000  0.098125
105.000000    80.000000  0.108368
105.000000    85.000000  0.116932
105.000000    90.000000  0.124118
105.000000    95.000000  0.130153
105.000000    100.000000  0.135217
105.000000    105.000000  0.139481
105.000000    110.000000  0.142892
105.000000    115.000000  0.145683
105.000000    120.000000  0.147887
105.000000    125.000000  0.149542
105.000000    130.000000  0.150681
105.000000    135.000000  0.151327
105.000000    140.000000  0.151484
105.000000    145.000000  0.151156
105.000000    150.000000  0.150464
105.000000    155.000000  0.150221
105.000000    160.000000  0.149487
105.000000    165.000000  0.148249
105.000000    170.000000  0.146482
105.000000    175.000000  0.144151
105.000000    180.000000  0.141208
110.000000    0.000000  0.050475
110.000000    5.000000  0.048287
110.000000    10.000000  0.045703
110.000000    15.000000  0.042677
110.000000    20.000000  0.039580
110.000000    25.000000  0.042827
110.000000    30.000000  0.045732
110.000000    35.000000  0.048277
110.000000    40.000000  0.050448
110.000000    45.000000  0.052235
110.000000    50.000000  0.053631
110.000000    55.000000  0.054631
110.000000    60.000000  0.055233
110.000000    65.000000  0.055433
110.000000    70.000000  0.073122
110.000000    75.000000  0.088318
110.000000    80.000000  0.100798
110.000000    85.000000  0.111188
110.000000    90.000000  0.119896
110.000000    95.000000  0.127215
110.000000    100.000000  0.133369
110.000000    105.000000  0.138537
110.000000    110.000000  0.142889
110.000000    115.000000  0.146367
110.000000    120.000000  0.149208
110.000000    125.000000  0.151443
110.000000    130.000000  0.153110
110.000000    135.000000  0.154243
110.000000    140.000000  0.154863
110.000000    145.000000  0.154975
110.000000    150.000000  0.154580
110.000000    155.000000  0.153805
110.000000    160.000000  0.153551
110.000000    165.000000  0.152785
110.000000    170.000000  0.151493
110.000000    175.000000  0.149649
110.000000    180.000000  0.147218
115.000000    0.000000  0.054115
115.000000    5.000000  0.052260
115.000000    10.000000  0.049998
115.000000    15.000000  0.047327
115.000000    20.000000  0.044197
115.000000    25.000000  0.040997
115.000000    30.000000  0.044356
115.000000    35.000000  0.047360
115.000000    40.000000  0.049991
115.000000    45.000000  0.052235
115.000000    50.000000  0.054082
115.000000    55.000000  0.055525
115.000000    60.000000  0.056558
115.000000    65.000000  0.057180
115.000000    70.000000  0.057387
115.000000    75.000000  0.075114
115.000000    80.000000  0.090394
115.000000    85.000000  0.102980
115.000000    90.000000  0.113482
115.000000    95.000000  0.122300
115.000000    100.000000  0.129722
115.000000    105.000000  0.135968
115.000000    110.000000  0.141214
115.000000    115.000000  0.145632
115.000000    120.000000  0.149160
115.000000    125.000000  0.152037
115.000000    130.000000  0.154293
115.000000    135.000000  0.155967
115.000000    140.000000  0.157091
115.000000    145.000000  0.157686
115.000000    150.000000  0.157757
115.000000    155.000000  0.157303
115.000000    160.000000  0.156457
115.000000    165.000000  0.156195
115.000000    170.000000  0.155403
115.000000    175.000000  0.154066
115.000000    180.000000  0.152161
120.000000    0.000000  0.057037
120.000000    5.000000  0.055556
120.000000    10.000000  0.053654
120.000000    15.000000  0.051334
120.000000    20.000000  0.048595
120.000000    25.000000  0.045385
120.000000    30.000000  0.042105
120.000000    35.000000  0.045551
120.000000    40.000000  0.048632
120.000000    45.000000  0.051330
120.000000    50.000000  0.053631
120.000000    55.000000  0.055525
120.000000    60.000000  0.057004
120.000000    65.000000  0.058063
120.000000    70.000000  0.058700
120.000000    75.000000  0.058913
120.000000    80.000000  0.076667
120.000000    85.000000  0.092009
120.000000    90.000000  0.104673
120.000000    95.000000  0.115259
120.000000    100.000000  0.124158
120.000000    105.000000  0.131655
120.000000    110.000000  0.137968
120.000000    115.000000  0.143273
120.000000    120.000000  0.147739
120.000000    125.000000  0.151302
120.000000    130.000000  0.154205
120.000000    135.000000  0.156475
120.000000    140.000000  0.158151
120.000000    145.000000  0.159265
120.000000    150.000000  0.159839
120.000000    155.000000  0.159875
120.000000    160.000000  0.159374
120.000000    165.000000  0.158471
120.000000    170.000000  0.158202
120.000000    175.000000  0.157390
120.000000    180.000000  0.156020
125.000000    0.000000  0.059167
125.000000    5.000000  0.058095
125.000000    10.000000  0.056589
125.000000    15.000000  0.054653
125.000000    20.000000  0.052292
125.000000    25.000000  0.049504
125.000000    30.000000  0.046236
125.000000    35.000000  0.042899
125.000000    40.000000  0.046407
125.000000    45.000000  0.049544
125.000000    50.000000  0.052290
125.000000    55.000000  0.054631
125.000000    60.000000  0.056558
125.000000    65.000000  0.058063
125.000000    70.000000  0.059141
125.000000    75.000000  0.059789
125.000000    80.000000  0.060005
125.000000    85.000000  0.077779
125.000000    90.000000  0.093164
125.000000    95.000000  0.105881
125.000000    100.000000  0.116524
125.000000    105.000000  0.125479
125.000000    110.000000  0.133028
125.000000    115.000000  0.139387
125.000000    120.000000  0.144731
125.000000    125.000000  0.149230
125.000000    130.000000  0.152817
125.000000    135.000000  0.155736
125.000000    140.000000  0.158015
125.000000    145.000000  0.159691
125.000000    150.000000  0.160797
125.000000    155.000000  0.161355
125.000000    160.000000  0.161366
125.000000    165.000000  0.160829
125.000000    170.000000  0.159884
125.000000    175.000000  0.159611
125.000000    180.000000  0.158784
130.000000    0.000000  0.060444
130.000000    5.000000  0.059814
130.000000    10.000000  0.058731
130.000000    15.000000  0.057209
130.000000    20.000000  0.055253
130.000000    25.000000  0.052868
130.000000    30.000000  0.050050
130.000000    35.000000  0.046748
130.000000    40.000000  0.043377
130.000000    45.000000  0.046922
130.000000    50.000000  0.050092
130.000000    55.000000  0.052867
130.000000    60.000000  0.055233
130.000000    65.000000  0.057180
130.000000    70.000000  0.058700
130.000000    75.000000  0.059789
130.000000    80.000000  0.060444
130.000000    85.000000  0.060662
130.000000    90.000000  0.078447
130.000000    95.000000  0.093856
130.000000    100.000000  0.106605
130.000000    105.000000  0.117281
130.000000    110.000000  0.126269
130.000000    115.000000  0.133848
130.000000    120.000000  0.140234
130.000000    125.000000  0.145601
130.000000    130.000000  0.150119
130.000000    135.000000  0.153720
130.000000    140.000000  0.156648
130.000000    145.000000  0.158932
130.000000    150.000000  0.160608
130.000000    155.000000  0.161708
130.000000    160.000000  0.162255
130.000000    165.000000  0.162250
130.000000    170.000000  0.161693
130.000000    175.000000  0.160722
130.000000    180.000000  0.160446
135.000000    0.000000  0.061105
135.000000    5.000000  0.060662
135.000000    10.000000  0.060030
135.000000    15.000000  0.058944
135.000000    20.000000  0.057416
135.000000    25.000000  0.055454
135.000000    30.000000  0.053060
135.000000    35.000000  0.050233
135.000000    40.000000  0.046919
135.000000    45.000000  0.043536
135.000000    50.000000  0.047094
135.000000    55.000000  0.050275
135.000000    60.000000  0.053059
135.000000    65.000000  0.055433
135.000000    70.000000  0.057387
135.000000    75.000000  0.058913
135.000000    80.000000  0.060005
135.000000    85.000000  0.060662
135.000000    90.000000  0.060881
135.000000    95.000000  0.078670
135.000000    100.000000  0.094087
135.000000    105.000000  0.106847
135.000000    110.000000  0.117533
135.000000    115.000000  0.126532
135.000000    120.000000  0.134121
135.000000    125.000000  0.140516
135.000000    130.000000  0.145890
135.000000    135.000000  0.150414
135.000000    140.000000  0.154019
135.000000    145.000000  0.156951
135.000000    150.000000  0.159236
135.000000    155.000000  0.160912
135.000000    160.000000  0.162011
135.000000    165.000000  0.162554
135.000000    170.000000  0.162544
135.000000    175.000000  0.161979
135.000000    180.000000  0.161000
140.000000    0.000000  0.070939
140.000000    5.000000  0.065852
140.000000    10.000000  0.071906
140.000000    15.000000  0.073906
140.000000    20.000000  0.074092
140.000000    25.000000  0.073307
140.000000    30.000000  0.071855
140.000000    35.000000  0.069816
140.000000    40.000000  0.067246
140.000000    45.000000  0.064136
140.000000    50.000000  0.060919
140.000000    55.000000  0.064584
140.000000    60.000000  0.067848
140.000000    65.000000  0.070698
140.000000    70.000000  0.073122
140.000000    75.000000  0.075114
140.000000    80.000000  0.076667
140.000000    85.000000  0.077779
140.000000    90.000000  0.078447
140.000000    95.000000  0.078670
140.000000    100.000000  0.096451
140.000000    105.000000  0.111846
140.000000    110.000000  0.124573
140.000000    115.000000  0.135215
140.000000    120.000000  0.144158
140.000000    125.000000  0.151679
140.000000    130.000000  0.157991
140.000000    135.000000  0.163263
140.000000    140.000000  0.167661
140.000000    145.000000  0.171107
140.000000    150.000000  0.173834
140.000000    155.000000  0.175849
140.000000    160.000000  0.177153
140.000000    165.000000  0.177715
140.000000    170.000000  0.177417
140.000000    175.000000  0.175923
140.000000    180.000000  0.172075
145.000000    0.000000  0.080238
145.000000    5.000000  0.075485
145.000000    10.000000  0.070094
145.000000    15.000000  0.078556
145.000000    20.000000  0.082889
145.000000    25.000000  0.084702
145.000000    30.000000  0.085067
145.000000    35.000000  0.084470
145.000000    40.000000  0.083080
145.000000    45.000000  0.081015
145.000000    50.000000  0.078309
145.000000    55.000000  0.075446
145.000000    60.000000  0.079345
145.000000    65.000000  0.082791
145.000000    70.000000  0.085783
145.000000    75.000000  0.088318
145.000000    80.000000  0.090394
145.000000    85.000000  0.092009
145.000000    90.000000  0.093164
145.000000    95.000000  0.093856
145.000000    100.000000  0.094087
145.000000    105.000000  0.111846
145.000000    110.000000  0.127186
145.000000    115.000000  0.139827
145.000000    120.000000  0.150359
145.000000    125.000000  0.159165
145.000000    130.000000  0.166521
145.000000    135.000000  0.172635
145.000000    140.000000  0.177669
145.000000    145.000000  0.181777
145.000000    150.000000  0.184868
145.000000    155.000000  0.187151
145.000000    160.000000  0.188597
145.000000    165.000000  0.189153
145.000000    170.000000  0.188692
145.000000    175.000000  0.186931
145.000000    180.000000  0.183211
150.000000    0.000000  0.088669
150.000000    5.000000  0.084366
150.000000    10.000000  0.079388
150.000000    15.000000  0.073739
150.000000    20.000000  0.083252
150.000000    25.000000  0.089114
150.000000    30.000000  0.092250
150.000000    35.000000  0.093682
150.000000    40.000000  0.093945
150.000000    45.000000  0.093254
150.000000    50.000000  0.091763
150.000000    55.000000  0.089533
150.000000    60.000000  0.087098
150.000000    65.000000  0.091283
150.000000    70.000000  0.094955
150.000000    75.000000  0.098125
150.000000    80.000000  0.100798
150.000000    85.000000  0.102980
150.000000    90.000000  0.104673
150.000000    95.000000  0.105881
150.000000    100.000000  0.106605
150.000000    105.000000  0.106847
150.000000    110.000000  0.124573
150.000000    115.000000  0.139827
150.000000    120.000000  0.152343
150.000000    125.000000  0.162714
150.000000    130.000000  0.171325
150.000000    135.000000  0.178450
150.000000    140.000000  0.184292
150.000000    145.000000  0.189005
150.000000    150.000000  0.192732
150.000000    155.000000  0.195367
150.000000    160.000000  0.197092
150.000000    165.000000  0.197845
150.000000    170.000000  0.197523
150.000000    175.000000  0.195922
150.000000    180.000000  0.192646
155.000000    0.000000  0.096064
155.000000    5.000000  0.092303
155.000000    10.000000  0.087840
155.000000    15.000000  0.082674
155.000000    20.000000  0.076809
155.000000    25.000000  0.086868
155.000000    30.000000  0.093757
155.000000    35.000000  0.097913
155.000000    40.000000  0.100248
155.000000    45.000000  0.101288
155.000000    50.000000  0.101263
155.000000    55.000000  0.100343
155.000000    60.000000  0.098603
155.000000    65.000000  0.096617
155.000000    70.000000  0.101101
155.000000    75.000000  0.105011
155.000000    80.000000  0.108368
155.000000    85.000000  0.111188
155.000000    90.000000  0.113482
155.000000    95.000000  0.115259
155.000000    100.000000  0.116524
155.000000    105.000000  0.117281
155.000000    110.000000  0.117533
155.000000    115.000000  0.135215
155.000000    120.000000  0.150359
155.000000    125.000000  0.162714
155.000000    130.000000  0.172882
155.000000    135.000000  0.181253
155.000000    140.000000  0.188099
155.000000    145.000000  0.193618
155.000000    150.000000  0.197960
155.000000    155.000000  0.201252
155.000000    160.000000  0.203377
155.000000    165.000000  0.204494
155.000000    170.000000  0.204513
155.000000    175.000000  0.203292
155.000000    180.000000  0.200573
160.000000    0.000000  0.102283
160.000000    5.000000  0.099132
160.000000    10.000000  0.095263
160.000000    15.000000  0.090670
160.000000    20.000000  0.085351
160.000000    25.000000  0.079311
160.000000    30.000000  0.089689
160.000000    35.000000  0.097304
160.000000    40.000000  0.102254
160.000000    45.000000  0.105343
160.000000    50.000000  0.107067
160.000000    55.000000  0.107652
160.000000    60.000000  0.107275
160.000000    65.000000  0.106015
160.000000    70.000000  0.104476
160.000000    75.000000  0.109251
160.000000    80.000000  0.113392
160.000000    85.000000  0.116932
160.000000    90.000000  0.119896
160.000000    95.000000  0.122300
160.000000    100.000000  0.124158
160.000000    105.000000  0.125479
160.000000    110.000000  0.126269
160.000000    115.000000  0.126532
160.000000    120.000000  0.144158
160.000000    125.000000  0.159165
160.000000    130.000000  0.171325
160.000000    135.000000  0.181253
160.000000    140.000000  0.189344
160.000000    145.000000  0.195871
160.000000    150.000000  0.201029
160.000000    155.000000  0.204961
160.000000    160.000000  0.207785
160.000000    165.000000  0.209374
160.000000    170.000000  0.209864
160.000000    175.000000  0.209145
160.000000    180.000000  0.207044
165.000000    0.000000  0.107218
165.000000    5.000000  0.104726
165.000000    10.000000  0.101507
165.000000    15.000000  0.097554
165.000000    20.000000  0.092861
165.000000    25.000000  0.087425
165.000000    30.000000  0.081251
165.000000    35.000000  0.091839
165.000000    40.000000  0.099994
165.000000    45.000000  0.105578
165.000000    50.000000  0.109304
165.000000    55.000000  0.111628
165.000000    60.000000  0.112770
165.000000    65.000000  0.112903
165.000000    70.000000  0.112107
165.000000    75.000000  0.111007
165.000000    80.000000  0.116051
165.000000    85.000000  0.120407
165.000000    90.000000  0.124118
165.000000    95.000000  0.127215
165.000000    100.000000  0.129722
165.000000    105.000000  0.131655
165.000000    110.000000  0.133028
165.000000    115.000000  0.133848
165.000000    120.000000  0.134121
165.000000    125.000000  0.151679
165.000000    130.000000  0.166521
165.000000    135.000000  0.178450
165.000000    140.000000  0.188099
165.000000    145.000000  0.195871
165.000000    150.000000  0.202041
165.000000    155.000000  0.206804
165.000000    160.000000  0.210297
165.000000    165.000000  0.212627
165.000000    170.000000  0.213663
165.000000    175.000000  0.213521
165.000000    180.000000  0.212074
170.000000    0.000000  0.110794
170.000000    5.000000  0.108994
170.000000    10.000000  0.106465
170.000000    15.000000  0.103198
170.000000    20.000000  0.099186
170.000000    25.000000  0.094422
170.000000    30.000000  0.088903
170.000000    35.000000  0.082633
170.000000    40.000000  0.093380
170.000000    45.000000  0.101962
170.000000    50.000000  0.108072
170.000000    55.000000  0.112345
170.000000    60.000000  0.115205
170.000000    65.000000  0.116858
170.000000    70.000000  0.117471
170.000000    75.000000  0.117123
170.000000    80.000000  0.116453
170.000000    85.000000  0.121739
170.000000    90.000000  0.126289
170.000000    95.000000  0.130153
170.000000    100.000000  0.133369
170.000000    105.000000  0.135968
170.000000    110.000000  0.137968
170.000000    115.000000  0.139387
170.000000    120.000000  0.140234
170.000000    125.000000  0.140516
170.000000    130.000000  0.157991
170.000000    135.000000  0.172635
170.000000    140.000000  0.184292
170.000000    145.000000  0.193618
170.000000    150.000000  0.201029
170.000000    155.000000  0.206804
170.000000    160.000000  0.211137
170.000000    165.000000  0.214161
170.000000    170.000000  0.215975
170.000000    175.000000  0.216445
170.000000    180.000000  0.215669
175.000000    0.000000  0.112959
175.000000    5.000000  0.111873
175.000000    10.000000  0.110057
175.000000    15.000000  0.107506
175.000000    20.000000  0.104211
175.000000    25.000000  0.100163
175.000000    30.000000  0.095357
175.000000    35.000000  0.089788
175.000000    40.000000  0.083460
175.000000    45.000000  0.094347
175.000000    50.000000  0.103291
175.000000    55.000000  0.109856
175.000000    60.000000  0.114615
175.000000    65.000000  0.117963
175.000000    70.000000  0.120092
175.000000    75.000000  0.121164
175.000000    80.000000  0.121252
175.000000    85.000000  0.121004
175.000000    90.000000  0.126502
175.000000    95.000000  0.131220
175.000000    100.000000  0.135217
175.000000    105.000000  0.138537
175.000000    110.000000  0.141214
175.000000    115.000000  0.143273
175.000000    120.000000  0.144731
175.000000    125.000000  0.145601
175.000000    130.000000  0.145890
175.000000    135.000000  0.163263
175.000000    140.000000  0.177669
175.000000    145.000000  0.189005
175.000000    150.000000  0.197960
175.000000    155.000000  0.204961
175.000000    160.000000  0.210297
175.000000    165.000000  0.214161
175.000000    170.000000  0.216685
175.000000    175.000000  0.217959
175.000000    180.000000  0.217848
180.000000    0.000000  0.113693
180.000000    5.000000  0.113330
180.000000    10.000000  0.112240
180.000000    15.000000  0.110419
180.000000    20.000000  0.107860
180.000000    25.000000  0.104555
180.000000    30.000000  0.100495
180.000000    35.000000  0.095674
180.000000    40.000000  0.090087
180.000000    45.000000  0.083740
180.000000    50.000000  0.094760
180.000000    55.000000  0.104025
180.000000    60.000000  0.111002
180.000000    65.000000  0.116212
180.000000    70.000000  0.120020
180.000000    75.000000  0.122607
180.000000    80.000000  0.124127
180.000000    85.000000  0.124651
180.000000    90.000000  0.124825
180.000000    95.000000  0.130507
180.000000    100.000000  0.135370
180.000000    105.000000  0.139481
180.000000    110.000000  0.142889
180.000000    115.000000  0.145632
180.000000    120.000000  0.147739
180.000000    125.000000  0.149230
180.000000    130.000000  0.150119
180.000000    135.000000  0.150414
180.000000    140.000000  0.167661
180.000000    145.000000  0.181777
180.000000    150.000000  0.192732
180.000000    155.000000  0.201252
180.000000    160.000000  0.207785
180.000000    165.000000  0.212627
180.000000    170.000000  0.215975
180.000000    175.000000  0.217959
180.000000    180.000000  0.218660
185.000000    0.000000  0.112959
185.000000    5.000000  0.113321
185.000000    10.000000  0.112959
185.000000    15.000000  0.111873
185.000000    20.000000  0.110057
185.000000    25.000000  0.107506
185.000000    30.000000  0.104211
185.000000    35.000000  0.100163
185.000000    40.000000  0.095357
185.000000    45.000000  0.089788
185.000000    50.000000  0.083460
185.000000    55.000000  0.094624
185.000000    60.000000  0.104180
185.000000    65.000000  0.111527
185.000000    70.000000  0.117146
185.000000    75.000000  0.121381
185.000000    80.000000  0.124400
185.000000    85.000000  0.126351
185.000000    90.000000  0.127300
185.000000    95.000000  0.127890
185.000000    100.000000  0.133717
185.000000    105.000000  0.138694
185.000000    110.000000  0.142892
185.000000    115.000000  0.146367
185.000000    120.000000  0.149160
185.000000    125.000000  0.151302
185.000000    130.000000  0.152817
185.000000    135.000000  0.153720
185.000000    140.000000  0.154019
185.000000    145.000000  0.171107
185.000000    150.000000  0.184868
185.000000    155.000000  0.195367
185.000000    160.000000  0.203377
185.000000    165.000000  0.209374
185.000000    170.000000  0.213663
185.000000    175.000000  0.216445
185.000000    180.000000  0.217848
190.000000    0.000000  0.110794
190.000000    5.000000  0.111871
190.000000    10.000000  0.112230
190.000000    15.000000  0.111871
190.000000    20.000000  0.110794
190.000000    25.000000  0.108994
190.000000    30.000000  0.106465
190.000000    35.000000  0.103198
190.000000    40.000000  0.099186
190.000000    45.000000  0.094422
190.000000    50.000000  0.088903
190.000000    55.000000  0.082633
190.000000    60.000000  0.093954
190.000000    65.000000  0.103793
190.000000    70.000000  0.111497
190.000000    75.000000  0.117516
190.000000    80.000000  0.122173
190.000000    85.000000  0.125623
190.000000    90.000000  0.128009
190.000000    95.000000  0.129392
190.000000    100.000000  0.130407
190.000000    105.000000  0.136351
190.000000    110.000000  0.141418
190.000000    115.000000  0.145683
190.000000    120.000000  0.149208
190.000000    125.000000  0.152037
190.000000    130.000000  0.154205
190.000000    135.000000  0.155736
190.000000    140.000000  0.156648
190.000000    145.000000  0.156951
190.000000    150.000000  0.173834
190.000000    155.000000  0.187151
190.000000    160.000000  0.197092
190.000000    165.000000  0.204494
190.000000    170.000000  0.209864
190.000000    175.000000  0.213521
190.000000    180.000000  0.215669
195.000000    0.000000  0.107218
195.000000    5.000000  0.108992
195.000000    10.000000  0.110053
195.000000    15.000000  0.110407
195.000000    20.000000  0.110053
195.000000    25.000000  0.108992
195.000000    30.000000  0.107218
195.000000    35.000000  0.104726
195.000000    40.000000  0.101507
195.000000    45.000000  0.097554
195.000000    50.000000  0.092861
195.000000    55.000000  0.087425
195.000000    60.000000  0.081251
195.000000    65.000000  0.092753
195.000000    70.000000  0.102882
195.000000    75.000000  0.110944
195.000000    80.000000  0.117360
195.000000    85.000000  0.122436
195.000000    90.000000  0.126318
195.000000    95.000000  0.129143
195.000000    100.000000  0.130969
195.000000    105.000000  0.132417
195.000000    110.000000  0.138447
195.000000    115.000000  0.143576
195.000000    120.000000  0.147887
195.000000    125.000000  0.151443
195.000000    130.000000  0.154293
195.000000    135.000000  0.156475
195.000000    140.000000  0.158015
195.000000    145.000000  0.158932
195.000000    150.000000  0.159236
195.000000    155.000000  0.175849
195.000000    160.000000  0.188597
195.000000    165.000000  0.197845
195.000000    170.000000  0.204513
195.000000    175.000000  0.209145
195.000000    180.000000  0.212074
200.000000    0.000000  0.102283
200.000000    5.000000  0.104723
200.000000    10.000000  0.106460
200.000000    15.000000  0.107500
200.000000    20.000000  0.107846
200.000000    25.000000  0.107500
200.000000    30.000000  0.106460
200.000000    35.000000  0.104723
200.000000    40.000000  0.102283
200.000000    45.000000  0.099132
200.000000    50.000000  0.095263
200.000000    55.000000  0.090670
200.000000    60.000000  0.085351
200.000000    65.000000  0.079311
200.000000    70.000000  0.091023
200.000000    75.000000  0.101455
200.000000    80.000000  0.109881
200.000000    85.000000  0.116697
200.000000    90.000000  0.122196
200.000000    95.000000  0.126516
200.000000    100.000000  0.129787
200.000000    105.000000  0.132069
200.000000    110.000000  0.133960
200.000000    115.000000  0.140043
200.000000    120.000000  0.145208
200.000000    125.000000  0.149542
200.000000    130.000000  0.153110
200.000000    135.000000  0.155967
200.000000    140.000000  0.158151
200.000000    145.000000  0.159691
200.000000    150.000000  0.160608
200.000000    155.000000  0.160912
200.000000    160.000000  0.177153
200.000000    165.000000  0.189153
200.000000    170.000000  0.197523
200.000000    175.000000  0.203292
200.000000    180.000000  0.207044
205.000000    0.000000  0.096064
205.000000    5.000000  0.099127
205.000000    10.000000  0.101499
205.000000    15.000000  0.103188
205.000000    20.000000  0.104199
205.000000    25.000000  0.104536
205.000000    30.000000  0.104199
205.000000    35.000000  0.103188
205.000000    40.000000  0.101499
205.000000    45.000000  0.099127
205.000000    50.000000  0.096064
205.000000    55.000000  0.092303
205.000000    60.000000  0.087840
205.000000    65.000000  0.082674
205.000000    70.000000  0.076809
205.000000    75.000000  0.088762
205.000000    80.000000  0.099515
205.000000    85.000000  0.108316
205.000000    90.000000  0.115541
205.000000    95.000000  0.121471
205.000000    100.000000  0.126238
205.000000    105.000000  0.129969
205.000000    110.000000  0.132720
205.000000    115.000000  0.135068
205.000000    120.000000  0.141174
205.000000    125.000000  0.146348
205.000000    130.000000  0.150681
205.000000    135.000000  0.154243
205.000000    140.000000  0.157091
205.000000    145.000000  0.159265
205.000000    150.000000  0.160797
205.000000    155.000000  0.161708
205.000000    160.000000  0.162011
205.000000    165.000000  0.177715
205.000000    170.000000  0.188692
205.000000    175.000000  0.195922
205.000000    180.000000  0.200573
210.000000    0.000000  0.088669
210.000000    5.000000  0.092295
210.000000    10.000000  0.095249
210.000000    15.000000  0.097538
210.000000    20.000000  0.099167
210.000000    25.000000  0.100143
210.000000    30.000000  0.100467
210.000000    35.000000  0.100143
210.000000    40.000000  0.099167
210.000000    45.000000  0.097538
210.000000    50.000000  0.095249
210.000000    55.000000  0.092295
210.000000    60.000000  0.088669
210.000000    65.000000  0.084366
210.000000    70.000000  0.079388
210.000000    75.000000  0.073739
210.000000    80.000000  0.085966
210.000000    85.000000  0.097064
210.000000    90.000000  0.106255
210.000000    95.000000  0.113903
210.000000    100.000000  0.120277
210.000000    105.000000  0.125505
210.000000    110.000000  0.129710
210.000000    115.000000  0.132946
210.000000    120.000000  0.135765
210.000000    125.000000  0.141862
210.000000    130.000000  0.147018
210.000000    135.000000  0.151327
210.000000    140.000000  0.154863
210.000000    145.000000  0.157686
210.000000    150.000000  0.159839
210.000000    155.000000  0.161355
210.000000    160.000000  0.162255
210.000000    165.000000  0.162554
210.000000    170.000000  0.177417
210.000000    175.000000  0.186931
210.000000    180.000000  0.192646
215.000000    0.000000  0.080238
215.000000    5.000000  0.084348
215.000000    10.000000  0.087812
215.000000    15.000000  0.090636
215.000000    20.000000  0.092825
215.000000    25.000000  0.094383
215.000000    30.000000  0.095316
215.000000    35.000000  0.095626
215.000000    40.000000  0.095316
215.000000    45.000000  0.094383
215.000000    50.000000  0.092825
215.000000    55.000000  0.090636
215.000000    60.000000  0.087812
215.000000    65.000000  0.084348
215.000000    70.000000  0.080238
215.000000    75.000000  0.075485
215.000000    80.000000  0.070094
215.000000    85.000000  0.082632
215.000000    90.000000  0.094098
215.000000    95.000000  0.103698
215.000000    100.000000  0.111783
215.000000    105.000000  0.118617
215.000000    110.000000  0.124321
215.000000    115.000000  0.129014
215.000000    120.000000  0.132754
215.000000    125.000000  0.136057
215.000000    130.000000  0.142113
215.000000    135.000000  0.147223
215.000000    140.000000  0.151484
215.000000    145.000000  0.154975
215.000000    150.000000  0.157757
215.000000    155.000000  0.159875
215.000000    160.000000  0.161366
215.000000    165.000000  0.162250
215.000000    170.000000  0.162544
215.000000    175.000000  0.175923
215.000000    180.000000  0.183211
220.000000    0.000000  0.070939
220.000000    5.000000  0.075428
220.000000    10.000000  0.079310
220.000000    15.000000  0.082585
220.000000    20.000000  0.085255
220.000000    25.000000  0.087325
220.000000    30.000000  0.088799
220.000000    35.000000  0.089681
220.000000    40.000000  0.089975
220.000000    45.000000  0.089681
220.000000    50.000000  0.088799
220.000000    55.000000  0.087325
220.000000    60.000000  0.085255
220.000000    65.000000  0.082585
220.000000    70.000000  0.079310
220.000000    75.000000  0.075428
220.000000    80.000000  0.070939
220.000000    85.000000  0.065852
220.000000    90.000000  0.078746
220.000000    95.000000  0.090613
220.000000    100.000000  0.100646
220.000000    105.000000  0.109189
220.000000    110.000000  0.116499
220.000000    115.000000  0.122694
220.000000    120.000000  0.127891
220.000000    125.000000  0.132151
220.000000    130.000000  0.135955
220.000000    135.000000  0.141936
220.000000    140.000000  0.146968
220.000000    145.000000  0.151156
220.000000    150.000000  0.154580
220.000000    155.000000  0.157303
220.000000    160.000000  0.159374
220.000000    165.000000  0.160829
220.000000    170.000000  0.161693
220.000000    175.000000  0.161979
220.000000    180.000000  0.172075
225.000000    0.000000  0.061105
225.000000    5.000000  0.065856
225.000000    10.000000  0.070052
225.000000    15.000000  0.073683
225.000000    20.000000  0.076748
225.000000    25.000000  0.079248
225.000000    30.000000  0.081186
225.000000    35.000000  0.082567
225.000000    40.000000  0.083394
225.000000    45.000000  0.083669
225.000000    50.000000  0.083394
225.000000    55.000000  0.082567
225.000000    60.000000  0.081186
225.000000    65.000000  0.079248
225.000000    70.000000  0.076748
225.000000    75.000000  0.073683
225.000000    80.000000  0.070052
225.000000    85.000000  0.065856
225.000000    90.000000  0.061105
225.000000    95.000000  0.074382
225.000000    100.000000  0.086674
225.000000    105.000000  0.097160
225.000000    110.000000  0.106174
225.000000    115.000000  0.113971
225.000000    120.000000  0.120665
225.000000    125.000000  0.126374
225.000000    130.000000  0.131164
225.000000    135.000000  0.135552
225.000000    140.000000  0.141433
225.000000    145.000000  0.146368
225.000000    150.000000  0.150464
225.000000    155.000000  0.153805
225.000000    160.000000  0.156457
225.000000    165.000000  0.158471
225.000000    170.000000  0.159884
225.000000    175.000000  0.160722
225.000000    180.000000  0.161000
230.000000    0.000000  0.060444
230.000000    5.000000  0.060886
230.000000    10.000000  0.065621
230.000000    15.000000  0.069803
230.000000    20.000000  0.073422
230.000000    25.000000  0.076477
230.000000    30.000000  0.078969
230.000000    35.000000  0.080901
230.000000    40.000000  0.082277
230.000000    45.000000  0.083101
230.000000    50.000000  0.083376
230.000000    55.000000  0.083101
230.000000    60.000000  0.082277
230.000000    65.000000  0.080901
230.000000    70.000000  0.078969
230.000000    75.000000  0.076477
230.000000    80.000000  0.073422
230.000000    85.000000  0.069803
230.000000    90.000000  0.065621
230.000000    95.000000  0.060886
230.000000    100.000000  0.074176
230.000000    105.000000  0.086476
230.000000    110.000000  0.096966
230.000000    115.000000  0.105982
230.000000    120.000000  0.113779
230.000000    125.000000  0.120472
230.000000    130.000000  0.126179
230.000000    135.000000  0.130969
230.000000    140.000000  0.135355
230.000000    145.000000  0.141218
230.000000    150.000000  0.146138
230.000000    155.000000  0.150221
230.000000    160.000000  0.153551
230.000000    165.000000  0.156195
230.000000    170.000000  0.158202
230.000000    175.000000  0.159611
230.000000    180.000000  0.160446
235.000000    0.000000  0.059167
235.000000    5.000000  0.059791
235.000000    10.000000  0.060229
235.000000    15.000000  0.064917
235.000000    20.000000  0.069057
235.000000    25.000000  0.072640
235.000000    30.000000  0.075665
235.000000    35.000000  0.078132
235.000000    40.000000  0.080045
235.000000    45.000000  0.081408
235.000000    50.000000  0.082225
235.000000    55.000000  0.082497
235.000000    60.000000  0.082225
235.000000    65.000000  0.081408
235.000000    70.000000  0.080045
235.000000    75.000000  0.078132
235.000000    80.000000  0.075665
235.000000    85.000000  0.072640
235.000000    90.000000  0.069057
235.000000    95.000000  0.064917
235.000000    100.000000  0.060229
235.000000    105.000000  0.073559
235.000000    110.000000  0.085882
235.000000    115.000000  0.096383
235.000000    120.000000  0.105403
235.000000    125.000000  0.113199
235.000000    130.000000  0.119889
235.000000    135.000000  0.125592
235.000000    140.000000  0.130378
235.000000    145.000000  0.134757
235.000000    150.000000  0.140569
235.000000    155.000000  0.145443
235.000000    160.000000  0.149487
235.000000    165.000000  0.152785
235.000000    170.000000  0.155403
235.000000    175.000000  0.157390
235.000000    180.000000  0.158784
240.000000    0.000000  0.057037
240.000000    5.000000  0.058091
240.000000    10.000000  0.058704
240.000000    15.000000  0.059137
240.000000    20.000000  0.063745
240.000000    25.000000  0.067815
240.000000    30.000000  0.071338
240.000000    35.000000  0.074313
240.000000    40.000000  0.076740
240.000000    45.000000  0.078622
240.000000    50.000000  0.079962
240.000000    55.000000  0.080765
240.000000    60.000000  0.081033
240.000000    65.000000  0.080765
240.000000    70.000000  0.079962
240.000000    75.000000  0.078622
240.000000    80.000000  0.076740
240.000000    85.000000  0.074313
240.000000    90.000000  0.071338
240.000000    95.000000  0.067815
240.000000    100.000000  0.063745
240.000000    105.000000  0.059137
240.000000    110.000000  0.072532
240.000000    115.000000  0.084892
240.000000    120.000000  0.095410
240.000000    125.000000  0.104434
240.000000    130.000000  0.112226
240.000000    135.000000  0.118908
240.000000    140.000000  0.124602
240.000000    145.000000  0.129381
240.000000    150.000000  0.133748
240.000000    155.000000  0.139472
240.000000    160.000000  0.144270
240.000000    165.000000  0.148249
240.000000    170.000000  0.151493
240.000000    175.000000  0.154066
240.000000    180.000000  0.156020
245.000000    0.000000  0.054115
245.000000    5.000000  0.055560
245.000000    10.000000  0.056588
245.000000    15.000000  0.057186
245.000000    20.000000  0.057612
245.000000    25.000000  0.062108
245.000000    30.000000  0.066080
245.000000    35.000000  0.069520
245.000000    40.000000  0.072424
245.000000    45.000000  0.074794
245.000000    50.000000  0.076632
245.000000    55.000000  0.077941
245.000000    60.000000  0.078726
245.000000    65.000000  0.078987
245.000000    70.000000  0.078726
245.000000    75.000000  0.077941
245.000000    80.000000  0.076632
245.000000    85.000000  0.074794
245.000000    90.000000  0.072424
245.000000    95.000000  0.069520
245.000000    100.000000  0.066080
245.000000    105.000000  0.062108
245.000000    110.000000  0.057612
245.000000    115.000000  0.071098
245.000000    120.000000  0.083506
245.000000    125.000000  0.094044
245.000000    130.000000  0.103070
245.000000    135.000000  0.110852
245.000000    140.000000  0.117518
245.000000    145.000000  0.123195
245.000000    150.000000  0.127960
245.000000    155.000000  0.132305
245.000000    160.000000  0.137905
245.000000    165.000000  0.142595
245.000000    170.000000  0.146482
245.000000    175.000000  0.149649
245.000000    180.000000  0.152161
250.000000    0.000000  0.050475
250.000000    5.000000  0.052271
250.000000    10.000000  0.053669
250.000000    15.000000  0.054664
250.000000    20.000000  0.055244
250.000000    25.000000  0.055659
250.000000    30.000000  0.060011
250.000000    35.000000  0.063858
250.000000    40.000000  0.067190
250.000000    45.000000  0.070004
250.000000    50.000000  0.072300
250.000000    55.000000  0.074081
250.000000    60.000000  0.075350
250.000000    65.000000  0.076110
250.000000    70.000000  0.076363
250.000000    75.000000  0.076110
250.000000    80.000000  0.075350
250.000000    85.000000  0.074081
250.000000    90.000000  0.072300
250.000000    95.000000  0.070004
250.000000    100.000000  0.067190
250.000000    105.000000  0.063858
250.000000    110.000000  0.060011
250.000000    115.000000  0.055659
250.000000    120.000000  0.069259
250.000000    125.000000  0.081724
250.000000    130.000000  0.092281
250.000000    135.000000  0.101300
250.000000    140.000000  0.109062
250.000000    145.000000  0.115700
250.000000    150.000000  0.121346
250.000000    155.000000  0.126086
250.000000    160.000000  0.130397
250.000000    165.000000  0.135834
250.000000    170.000000  0.140384
250.000000    175.000000  0.144151
250.000000    180.000000  0.147218
255.000000    0.000000  0.046209
255.000000    5.000000  0.048308
255.000000    10.000000  0.050029
255.000000    15.000000  0.051370
255.000000    20.000000  0.052325
255.000000    25.000000  0.052882
255.000000    30.000000  0.053286
255.000000    35.000000  0.057463
255.000000    40.000000  0.061155
255.000000    45.000000  0.064355
255.000000    50.000000  0.067058
255.000000    55.000000  0.069264
255.000000    60.000000  0.070975
255.000000    65.000000  0.072195
255.000000    70.000000  0.072926
255.000000    75.000000  0.073169
255.000000    80.000000  0.072926
255.000000    85.000000  0.072195
255.000000    90.000000  0.070975
255.000000    95.000000  0.069264
255.000000    100.000000  0.067058
255.000000    105.000000  0.064355
255.000000    110.000000  0.061155
255.000000    115.000000  0.057463
255.000000    120.000000  0.053286
255.000000    125.000000  0.067021
255.000000    130.000000  0.079546
255.000000    135.000000  0.090114
255.000000    140.000000  0.099112
255.000000    145.000000  0.106836
255.000000    150.000000  0.113426
255.000000    155.000000  0.119024
255.000000    160.000000  0.123720
255.000000    165.000000  0.127979
255.000000    170.000000  0.133215
255.000000    175.000000  0.137590
255.000000    180.000000  0.141208
260.000000    0.000000  0.041423
260.000000    5.000000  0.043774
260.000000    10.000000  0.045767
260.000000    15.000000  0.047402
260.000000    20.000000  0.048676
260.000000    25.000000  0.049583
260.000000    30.000000  0.050113
260.000000    35.000000  0.050502
260.000000    40.000000  0.054472
260.000000    45.000000  0.057983
260.000000    50.000000  0.061026
260.000000    55.000000  0.063598
260.000000    60.000000  0.065698
260.000000    65.000000  0.067327
260.000000    70.000000  0.068488
260.000000    75.000000  0.069184
260.000000    80.000000  0.069416
260.000000    85.000000  0.069184
260.000000    90.000000  0.068488
260.000000    95.000000  0.067327
260.000000    100.000000  0.065698
260.000000    105.000000  0.063598
260.000000    110.000000  0.061026
260.000000    115.000000  0.057983
260.000000    120.000000  0.054472
260.000000    125.000000  0.050502
260.000000    130.000000  0.064391
260.000000    135.000000  0.076973
260.000000    140.000000  0.087535
260.000000    145.000000  0.096489
260.000000    150.000000  0.104147
260.000000    155.000000  0.110662
260.000000    160.000000  0.116184
260.000000    165.000000  0.120813
260.000000    170.000000  0.124994
260.000000    175.000000  0.129986
260.000000    180.000000  0.134150
265.000000    0.000000  0.036206
265.000000    5.000000  0.038789
265.000000    10.000000  0.040996
265.000000    15.000000  0.042866
265.000000    20.000000  0.044402
265.000000    25.000000  0.045598
265.000000    30.000000  0.046451
265.000000    35.000000  0.046950
265.000000    40.000000  0.047323
265.000000    45.000000  0.051054
265.000000    50.000000  0.054356
265.000000    55.000000  0.057219
265.000000    60.000000  0.059639
265.000000    65.000000  0.061616
265.000000    70.000000  0.063150
265.000000    75.000000  0.064244
265.000000    80.000000  0.064899
265.000000    85.000000  0.065117
265.000000    90.000000  0.064899
265.000000    95.000000  0.064244
265.000000    100.000000  0.063150
265.000000    105.000000  0.061616
265.000000    110.000000  0.059639
265.000000    115.000000  0.057219
265.000000    120.000000  0.054356
265.000000    125.000000  0.051054
265.000000    130.000000  0.047323
265.000000    135.000000  0.061378
265.000000    140.000000  0.074005
265.000000    145.000000  0.084532
265.000000    150.000000  0.093406
265.000000    155.000000  0.100959
265.000000    160.000000  0.107360
265.000000    165.000000  0.112768
265.000000    170.000000  0.117295
265.000000    175.000000  0.121366
265.000000    180.000000  0.126070
270.000000    0.000000  0.030990
270.000000    5.000000  0.033454
270.000000    10.000000  0.035846
270.000000    15.000000  0.037890
270.000000    20.000000  0.039624
270.000000    25.000000  0.041047
270.000000    30.000000  0.042157
270.000000    35.000000  0.042947
270.000000    40.000000  0.043412
270.000000    45.000000  0.043767
270.000000    50.000000  0.047228
270.000000    55.000000  0.050294
270.000000    60.000000  0.052953
270.000000    65.000000  0.055202
270.000000    70.000000  0.057039
270.000000    75.000000  0.058466
270.000000    80.000000  0.059483
270.000000    85.000000  0.060093
270.000000    90.000000  0.060296
270.000000    95.000000  0.060093
270.000000    100.000000  0.059483
270.000000    105.000000  0.058466
270.000000    110.000000  0.057039
270.000000    115.000000  0.055202
270.000000    120.000000  0.052953
270.000000    125.000000  0.050294
270.000000    130.000000  0.047228
270.000000    135.000000  0.043767
270.000000    140.000000  0.057995
270.000000    145.000000  0.070638
270.000000    150.000000  0.081087
270.000000    155.000000  0.089828
270.000000    160.000000  0.097222
270.000000    165.000000  0.103455
270.000000    170.000000  0.108700
270.000000    175.000000  0.113080
270.000000    180.000000  0.116997
275.000000    0.000000  0.036206
275.000000    5.000000  0.033454
275.000000    10.000000  0.046969
275.000000    15.000000  0.054184
275.000000    20.000000  0.058490
275.000000    25.000000  0.061498
275.000000    30.000000  0.063719
275.000000    35.000000  0.065388
275.000000    40.000000  0.066594
275.000000    45.000000  0.067379
275.000000    50.000000  0.068000
275.000000    55.000000  0.071388
275.000000    60.000000  0.074367
275.000000    65.000000  0.076940
275.000000    70.000000  0.079107
275.000000    75.000000  0.080873
275.000000    80.000000  0.082242
275.000000    85.000000  0.083216
275.000000    90.000000  0.083800
275.000000    95.000000  0.083994
275.000000    100.000000  0.083800
275.000000    105.000000  0.083216
275.000000    110.000000  0.082242
275.000000    115.000000  0.080873
275.000000    120.000000  0.079107
275.000000    125.000000  0.076940
275.000000    130.000000  0.074367
275.000000    135.000000  0.071388
275.000000    140.000000  0.068000
275.000000    145.000000  0.082110
275.000000    150.000000  0.094349
275.000000    155.000000  0.104153
275.000000    160.000000  0.112000
275.000000    165.000000  0.118168
275.000000    170.000000  0.122623
275.000000    175.000000  0.124956
275.000000    180.000000  0.123338
280.000000    0.000000  0.041423
280.000000    5.000000  0.038789
280.000000    10.000000  0.035846
280.000000    15.000000  0.054184
280.000000    20.000000  0.065779
280.000000    25.000000  0.073043
280.000000    30.000000  0.078098
280.000000    35.000000  0.081793
280.000000    40.000000  0.084573
280.000000    45.000000  0.086638
280.000000    50.000000  0.088106
280.000000    55.000000  0.089301
280.000000    60.000000  0.092864
280.000000    65.000000  0.095956
280.000000    70.000000  0.098600
280.000000    75.000000  0.100811
280.000000    80.000000  0.102602
280.000000    85.000000  0.103984
280.000000    90.000000  0.104965
280.000000    95.000000  0.105551
280.000000    100.000000  0.105746
280.000000    105.000000  0.105551
280.000000    110.000000  0.104965
280.000000    115.000000  0.103984
280.000000    120.000000  0.102602
280.000000    125.000000  0.100811
280.000000    130.000000  0.098600
280.000000    135.000000  0.095956
280.000000    140.000000  0.092864
280.000000    145.000000  0.089301
280.000000    150.000000  0.102929
280.000000    155.000000  0.114263
280.000000    160.000000  0.122792
280.000000    165.000000  0.128971
280.000000    170.000000  0.132964
280.000000    175.000000  0.134492
280.000000    180.000000  0.132661
285.000000    0.000000  0.046209
285.000000    5.000000  0.043774
285.000000    10.000000  0.040996
285.000000    15.000000  0.037890
285.000000    20.000000  0.058490
285.000000    25.000000  0.073043
285.000000    30.000000  0.082775
285.000000    35.000000  0.089775
285.000000    40.000000  0.095001
285.000000    45.000000  0.099005
285.000000    50.000000  0.102059
285.000000    55.000000  0.104343
285.000000    60.000000  0.106234
285.000000    65.000000  0.110097
285.000000    70.000000  0.113408
285.000000    75.000000  0.116209
285.000000    80.000000  0.118533
285.000000    85.000000  0.120404
285.000000    90.000000  0.121841
285.000000    95.000000  0.122857
285.000000    100.000000  0.123463
285.000000    105.000000  0.123665
285.000000    110.000000  0.123463
285.000000    115.000000  0.122857
285.000000    120.000000  0.121841
285.000000    125.000000  0.120404
285.000000    130.000000  0.118533
285.000000    135.000000  0.116209
285.000000    140.000000  0.113408
285.000000    145.000000  0.110097
285.000000    150.000000  0.106234
285.000000    155.000000  0.119162
285.000000    160.000000  0.129271
285.000000    165.000000  0.136160
285.000000    170.000000  0.140297
285.000000    175.000000  0.141781
285.000000    180.000000  0.140184
290.000000    0.000000  0.050475
290.000000    5.000000  0.048308
290.000000    10.000000  0.045767
290.000000    15.000000  0.042866
290.000000    20.000000  0.039624
290.000000    25.000000  0.061498
290.000000    30.000000  0.078098
290.000000    35.000000  0.089775
290.000000    40.000000  0.098449
290.000000    45.000000  0.105076
290.000000    50.000000  0.110254
290.000000    55.000000  0.114294
290.000000    60.000000  0.117413
290.000000    65.000000  0.120030
290.000000    70.000000  0.124246
290.000000    75.000000  0.127823
290.000000    80.000000  0.130822
290.000000    85.000000  0.133293
290.000000    90.000000  0.135271
290.000000    95.000000  0.136784
290.000000    100.000000  0.137851
290.000000    105.000000  0.138486
290.000000    110.000000  0.138697
290.000000    115.000000  0.138486
290.000000    120.000000  0.137851
290.000000    125.000000  0.136784
290.000000    130.000000  0.135271
290.000000    135.000000  0.133293
290.000000    140.000000  0.130822
290.000000    145.000000  0.127823
290.000000    150.000000  0.124246
290.000000    155.000000  0.120030
290.000000    160.000000  0.132094
290.000000    165.000000  0.140714
290.000000    170.000000  0.145689
290.000000    175.000000  0.147554
290.000000    180.000000  0.146393
295.000000    0.000000  0.054115
295.000000    5.000000  0.052271
295.000000    10.000000  0.050029
295.000000    15.000000  0.047402
295.000000    20.000000  0.044402
295.000000    25.000000  0.041047
295.000000    30.000000  0.063719
295.000000    35.000000  0.081793
295.000000    40.000000  0.095001
295.000000    45.000000  0.105076
295.000000    50.000000  0.112938
295.000000    55.000000  0.119186
295.000000    60.000000  0.124151
295.000000    65.000000  0.128074
295.000000    70.000000  0.131400
295.000000    75.000000  0.135981
295.000000    80.000000  0.139835
295.000000    85.000000  0.143047
295.000000    90.000000  0.145678
295.000000    95.000000  0.147774
295.000000    100.000000  0.149371
295.000000    105.000000  0.150495
295.000000    110.000000  0.151163
295.000000    115.000000  0.151384
295.000000    120.000000  0.151163
295.000000    125.000000  0.150495
295.000000    130.000000  0.149371
295.000000    135.000000  0.147774
295.000000    140.000000  0.145678
295.000000    145.000000  0.143047
295.000000    150.000000  0.139835
295.000000    155.000000  0.135981
295.000000    160.000000  0.131400
295.000000    165.000000  0.142417
295.000000    170.000000  0.149239
295.000000    175.000000  0.152011
295.000000    180.000000  0.151394
300.000000    0.000000  0.057037
300.000000    5.000000  0.055560
300.000000    10.000000  0.053669
300.000000    15.000000  0.051370
300.000000    20.000000  0.048676
300.000000    25.000000  0.045598
300.000000    30.000000  0.042157
300.000000    35.000000  0.065388
300.000000    40.000000  0.084573
300.000000    45.000000  0.099005
300.000000    50.000000  0.110254
300.000000    55.000000  0.119186
300.000000    60.000000  0.126391
300.000000    65.000000  0.132203
300.000000    70.000000  0.136875
300.000000    75.000000  0.140873
300.000000    80.000000  0.145806
300.000000    85.000000  0.149932
300.000000    90.000000  0.153353
300.000000    95.000000  0.156142
300.000000    100.000000  0.158356
300.000000    105.000000  0.160038
300.000000    110.000000  0.161219
300.000000    115.000000  0.161920
300.000000    120.000000  0.162152
300.000000    125.000000  0.161920
300.000000    130.000000  0.161219
300.000000    135.000000  0.160038
300.000000    140.000000  0.158356
300.000000    145.000000  0.156142
300.000000    150.000000  0.153353
300.000000    155.000000  0.149932
300.000000    160.000000  0.145806
300.000000    165.000000  0.140873
300.000000    170.000000  0.150545
300.000000    175.000000  0.155108
300.000000    180.000000  0.155291
305.000000    0.000000  0.059167
305.000000    5.000000  0.058091
305.000000    10.000000  0.056588
305.000000    15.000000  0.054664
305.000000    20.000000  0.052325
305.000000    25.000000  0.049583
305.000000    30.000000  0.046451
305.000000    35.000000  0.042947
305.000000    40.000000  0.066594
305.000000    45.000000  0.086638
305.000000    50.000000  0.102059
305.000000    55.000000  0.114294
305.000000    60.000000  0.124151
305.000000    65.000000  0.132203
305.000000    70.000000  0.138781
305.000000    75.000000  0.144143
305.000000    80.000000  0.148767
305.000000    85.000000  0.154024
305.000000    90.000000  0.158403
305.000000    95.000000  0.162019
305.000000    100.000000  0.164957
305.000000    105.000000  0.167282
305.000000    110.000000  0.169045
305.000000    115.000000  0.170280
305.000000    120.000000  0.171012
305.000000    125.000000  0.171254
305.000000    130.000000  0.171012
305.000000    135.000000  0.170280
305.000000    140.000000  0.169045
305.000000    145.000000  0.167282
305.000000    150.000000  0.164957
305.000000    155.000000  0.162019
305.000000    160.000000  0.158403
305.000000    165.000000  0.154024
305.000000    170.000000  0.148767
305.000000    175.000000  0.156456
305.000000    180.000000  0.157966
310.000000    0.000000  0.060444
310.000000    5.000000  0.059791
310.000000    10.000000  0.058704
310.000000    15.000000  0.057186
310.000000    20.000000  0.055244
310.000000    25.000000  0.052882
310.000000    30.000000  0.050113
310.000000    35.000000  0.046950
310.000000    40.000000  0.043412
310.000000    45.000000  0.067379
310.000000    50.000000  0.088106
310.000000    55.000000  0.104343
310.000000    60.000000  0.117413
310.000000    65.000000  0.128074
310.000000    70.000000  0.136875
310.000000    75.000000  0.144143
310.000000    80.000000  0.150133
310.000000    85.000000  0.155328
310.000000    90.000000  0.160875
310.000000    95.000000  0.165480
310.000000    100.000000  0.169270
310.000000    105.000000  0.172341
310.000000    110.000000  0.174767
310.000000    115.000000  0.176601
310.000000    120.000000  0.177884
310.000000    125.000000  0.178644
310.000000    130.000000  0.178895
310.000000    135.000000  0.178644
310.000000    140.000000  0.177884
310.000000    145.000000  0.176601
310.000000    150.000000  0.174767
310.000000    155.000000  0.172341
310.000000    160.000000  0.169270
310.000000    165.000000  0.165480
310.000000    170.000000  0.160875
310.000000    175.000000  0.155328
310.000000    180.000000  0.159223
315.000000    0.000000  0.061105
315.000000    5.000000  0.060886
315.000000    10.000000  0.060229
315.000000    15.000000  0.059137
315.000000    20.000000  0.057612
315.000000    25.000000  0.055659
315.000000    30.000000  0.053286
315.000000    35.000000  0.050502
315.000000    40.000000  0.047323
315.000000    45.000000  0.043767
315.000000    50.000000  0.068000
315.000000    55.000000  0.089301
315.000000    60.000000  0.106234
315.000000    65.000000  0.120030
315.000000    70.000000  0.131400
315.000000    75.000000  0.140873
315.000000    80.000000  0.148767
315.000000    85.000000  0.155328
315.000000    90.000000  0.160941
315.000000    95.000000  0.166753
315.000000    100.000000  0.171566
315.000000    105.000000  0.175518
315.000000    110.000000  0.178712
315.000000    115.000000  0.181230
315.000000    120.000000  0.183132
315.000000    125.000000  0.184460
315.000000    130.000000  0.185246
315.000000    135.000000  0.185506
315.000000    140.000000  0.185246
315.000000    145.000000  0.184460
315.000000    150.000000  0.183132
315.000000    155.000000  0.181230
315.000000    160.000000  0.178712
315.000000    165.000000  0.175518
315.000000    170.000000  0.171566
315.000000    175.000000  0.166753
315.000000    180.000000  0.160941
320.000000    0.000000  0.070939
320.000000    5.000000  0.065856
320.000000    10.000000  0.065621
320.000000    15.000000  0.064917
320.000000    20.000000  0.063745
320.000000    25.000000  0.062108
320.000000    30.000000  0.060011
320.000000    35.000000  0.057463
320.000000    40.000000  0.054472
320.000000    45.000000  0.051054
320.000000    50.000000  0.047228
320.000000    55.000000  0.071388
320.000000    60.000000  0.092864
320.000000    65.000000  0.110097
320.000000    70.000000  0.124246
320.000000    75.000000  0.135981
320.000000    80.000000  0.145806
320.000000    85.000000  0.154024
320.000000    90.000000  0.160875
320.000000    95.000000  0.166753
320.000000    100.000000  0.172991
320.000000    105.000000  0.178170
320.000000    110.000000  0.182429
320.000000    115.000000  0.185877
320.000000    120.000000  0.188597
320.000000    125.000000  0.190654
320.000000    130.000000  0.192092
320.000000    135.000000  0.192942
320.000000    140.000000  0.193224
320.000000    145.000000  0.192942
320.000000    150.000000  0.192092
320.000000    155.000000  0.190654
320.000000    160.000000  0.188597
320.000000    165.000000  0.185877
320.000000    170.000000  0.182429
320.000000    175.000000  0.178170
320.000000    180.000000  0.172991
325.000000    0.000000  0.080238
325.000000    5.000000  0.075428
325.000000    10.000000  0.070052
325.000000    15.000000  0.069803
325.000000    20.000000  0.069057
325.000000    25.000000  0.067815
325.000000    30.000000  0.066080
325.000000    35.000000  0.063858
325.000000    40.000000  0.061155
325.000000    45.000000  0.057983
325.000000    50.000000  0.054356
325.000000    55.000000  0.050294
325.000000    60.000000  0.074367
325.000000    65.000000  0.095956
325.000000    70.000000  0.113408
325.000000    75.000000  0.127823
325.000000    80.000000  0.139835
325.000000    85.000000  0.149932
325.000000    90.000000  0.158403
325.000000    95.000000  0.165480
325.000000    100.000000  0.171566
325.000000    105.000000  0.178170
325.000000    110.000000  0.183661
325.000000    115.000000  0.188184
325.000000    120.000000  0.191850
325.000000    125.000000  0.194745
325.000000    130.000000  0.196935
325.000000    135.000000  0.198468
325.000000    140.000000  0.199375
325.000000    145.000000  0.199675
325.000000    150.000000  0.199375
325.000000    155.000000  0.198468
325.000000    160.000000  0.196935
325.000000    165.000000  0.194745
325.000000    170.000000  0.191850
325.000000    175.000000  0.188184
325.000000    180.000000  0.183661
330.000000    0.000000  0.088669
330.000000    5.000000  0.084348
330.000000    10.000000  0.079310
330.000000    15.000000  0.073683
330.000000    20.000000  0.073422
330.000000    25.000000  0.072640
330.000000    30.000000  0.071338
330.000000    35.000000  0.069520
330.000000    40.000000  0.067190
330.000000    45.000000  0.064355
330.000000    50.000000  0.061026
330.000000    55.000000  0.057219
330.000000    60.000000  0.052953
330.000000    65.000000  0.076940
330.000000    70.000000  0.098600
330.000000    75.000000  0.116209
330.000000    80.000000  0.130822
330.000000    85.000000  0.143047
330.000000    90.000000  0.153353
330.000000    95.000000  0.162019
330.000000    100.000000  0.169270
330.000000    105.000000  0.175518
330.000000    110.000000  0.182429
330.000000    115.000000  0.188184
330.000000    120.000000  0.192929
330.000000    125.000000  0.196780
330.000000    130.000000  0.199824
330.000000    135.000000  0.202128
330.000000    140.000000  0.203740
330.000000    145.000000  0.204695
330.000000    150.000000  0.205011
330.000000    155.000000  0.204695
330.000000    160.000000  0.203740
330.000000    165.000000  0.202128
330.000000    170.000000  0.199824
330.000000    175.000000  0.196780
330.000000    180.000000  0.192929
335.000000    0.000000  0.096064
335.000000    5.000000  0.092295
335.000000    10.000000  0.087812
335.000000    15.000000  0.082585
335.000000    20.000000  0.076748
335.000000    25.000000  0.076477
335.000000    30.000000  0.075665
335.000000    35.000000  0.074313
335.000000    40.000000  0.072424
335.000000    45.000000  0.070004
335.000000    50.000000  0.067058
335.000000    55.000000  0.063598
335.000000    60.000000  0.059639
335.000000    65.000000  0.055202
335.000000    70.000000  0.079107
335.000000    75.000000  0.100811
335.000000    80.000000  0.118533
335.000000    85.000000  0.133293
335.000000    90.000000  0.145678
335.000000    95.000000  0.156142
335.000000    100.000000  0.164957
335.000000    105.000000  0.172341
335.000000    110.000000  0.178712
335.000000    115.000000  0.185877
335.000000    120.000000  0.191850
335.000000    125.000000  0.196780
335.000000    130.000000  0.200784
335.000000    135.000000  0.203951
335.000000    140.000000  0.206349
335.000000    145.000000  0.208028
335.000000    150.000000  0.209022
335.000000    155.000000  0.209351
335.000000    160.000000  0.209022
335.000000    165.000000  0.208028
335.000000    170.000000  0.206349
335.000000    175.000000  0.203951
335.000000    180.000000  0.200784
340.000000    0.000000  0.102283
340.000000    5.000000  0.099127
340.000000    10.000000  0.095249
340.000000    15.000000  0.090636
340.000000    20.000000  0.085255
340.000000    25.000000  0.079248
340.000000    30.000000  0.078969
340.000000    35.000000  0.078132
340.000000    40.000000  0.076740
340.000000    45.000000  0.074794
340.000000    50.000000  0.072300
340.000000    55.000000  0.069264
340.000000    60.000000  0.065698
340.000000    65.000000  0.061616
340.000000    70.000000  0.057039
340.000000    75.000000  0.080873
340.000000    80.000000  0.102602
340.000000    85.000000  0.120404
340.000000    90.000000  0.135271
340.000000    95.000000  0.147774
340.000000    100.000000  0.158356
340.000000    105.000000  0.167282
340.000000    110.000000  0.174767
340.000000    115.000000  0.181230
340.000000    120.000000  0.188597
340.000000    125.000000  0.194745
340.000000    130.000000  0.199824
340.000000    135.000000  0.203951
340.000000    140.000000  0.207217
340.000000    145.000000  0.209690
340.000000    150.000000  0.211423
340.000000    155.000000  0.212449
340.000000    160.000000  0.212789
340.000000    165.000000  0.212449
340.000000    170.000000  0.211423
340.000000    175.000000  0.209690
340.000000    180.000000  0.207217
345.000000    0.000000  0.107218
345.000000    5.000000  0.104723
345.000000    10.000000  0.101499
345.000000    15.000000  0.097538
345.000000    20.000000  0.092825
345.000000    25.000000  0.087325
345.000000    30.000000  0.081186
345.000000    35.000000  0.080901
345.000000    40.000000  0.080045
345.000000    45.000000  0.078622
345.000000    50.000000  0.076632
345.000000    55.000000  0.074081
345.000000    60.000000  0.070975
345.000000    65.000000  0.067327
345.000000    70.000000  0.063150
345.000000    75.000000  0.058466
345.000000    80.000000  0.082242
345.000000    85.000000  0.103984
345.000000    90.000000  0.121841
345.000000    95.000000  0.136784
345.000000    100.000000  0.149371
345.000000    105.000000  0.160038
345.000000    110.000000  0.169045
345.000000    115.000000  0.176601
345.000000    120.000000  0.183132
345.000000    125.000000  0.190654
345.000000    130.000000  0.196935
345.000000    135.000000  0.202128
345.000000    140.000000  0.206349
345.000000    145.000000  0.209690
345.000000    150.000000  0.212222
345.000000    155.000000  0.213996
345.000000    160.000000  0.215047
345.000000    165.000000  0.215394
345.000000    170.000000  0.215047
345.000000    175.000000  0.213996
345.000000    180.000000  0.212222
350.000000    0.000000  0.110794
350.000000    5.000000  0.108992
350.000000    10.000000  0.106460
350.000000    15.000000  0.103188
350.000000    20.000000  0.099167
350.000000    25.000000  0.094383
350.000000    30.000000  0.088799
350.000000    35.000000  0.082567
350.000000    40.000000  0.082277
350.000000    45.000000  0.081408
350.000000    50.000000  0.079962
350.000000    55.000000  0.077941
350.000000    60.000000  0.075350
350.000000    65.000000  0.072195
350.000000    70.000000  0.068488
350.000000    75.000000  0.064244
350.000000    80.000000  0.059483
350.000000    85.000000  0.083216
350.000000    90.000000  0.104965
350.000000    95.000000  0.122857
350.000000    100.000000  0.137851
350.000000    105.000000  0.150495
350.000000    110.000000  0.161219
350.000000    115.000000  0.170280
350.000000    120.000000  0.177884
350.000000    125.000000  0.184460
350.000000    130.000000  0.192092
350.000000    135.000000  0.198468
350.000000    140.000000  0.203740
350.000000    145.000000  0.208028
350.000000    150.000000  0.211423
350.000000    155.000000  0.213996
350.000000    160.000000  0.215799
350.000000    165.000000  0.216867
350.000000    170.000000  0.217220
350.000000    175.000000  0.216867
350.000000    180.000000  0.215799
355.000000    0.000000  0.112959
355.000000    5.000000  0.111871
355.000000    10.000000  0.110053
355.000000    15.000000  0.107500
355.000000    20.000000  0.104199
355.000000    25.000000  0.100143
355.000000    30.000000  0.095316
355.000000    35.000000  0.089681
355.000000    40.000000  0.083394
355.000000    45.000000  0.083101
355.000000    50.000000  0.082225
355.000000    55.000000  0.080765
355.000000    60.000000  0.078726
355.000000    65.000000  0.076110
355.000000    70.000000  0.072926
355.000000    75.000000  0.069184
355.000000    80.000000  0.064899
355.000000    85.000000  0.060093
355.000000    90.000000  0.083800
355.000000    95.000000  0.105551
355.000000    100.000000  0.123463
355.000000    105.000000  0.138486
355.000000    110.000000  0.151163
355.000000    115.000000  0.161920
355.000000    120.000000  0.171012
355.000000    125.000000  0.178644
355.000000    130.000000  0.185246
355.000000    135.000000  0.192942
355.000000    140.000000  0.199375
355.000000    145.000000  0.204695
355.000000    150.000000  0.209022
355.000000    155.000000  0.212449
355.000000    160.000000  0.215047
355.000000    165.000000  0.216867
355.000000    170.000000  0.217945
355.000000    175.000000  0.218302
355.000000    180.000000  0.217945
360.000000    0.000000  0.113693
360.000000    5.000000  0.113321
360.000000    10.000000  0.112230
360.000000    15.000000  0.110407
360.000000    20.000000  0.107846
360.000000    25.000000  0.104536
360.000000    30.000000  0.100467
360.000000    35.000000  0.095626
360.000000    40.000000  0.089975
360.000000    45.000000  0.083669
360.000000    50.000000  0.083376
360.000000    55.000000  0.082497
360.000000    60.000000  0.081033
360.000000    65.000000  0.078987
360.000000    70.000000  0.076363
360.000000    75.000000  0.073169
360.000000    80.000000  0.069416
360.000000    85.000000  0.065117
360.000000    90.000000  0.060296
360.000000    95.000000  0.083994
360.000000    100.000000  0.105746
360.000000    105.000000  0.123665
360.000000    110.000000  0.138697
360.000000    115.000000  0.151384
360.000000    120.000000  0.162152
360.000000    125.000000  0.171254
360.000000    130.000000  0.178895
360.000000    135.000000  0.185506
360.000000    140.000000  0.193224
360.000000    145.000000  0.199675
360.000000    150.000000  0.205011
360.000000    155.000000  0.209351
360.000000    160.000000  0.212789
360.000000    165.000000  0.215394
360.000000    170.000000  0.217220
360.000000    175.000000  0.218302
360.000000    180.000000  0.218660
