0.000000    0.000000  0.135335
0.000000    5.000000  0.140865
0.000000    10.000000  0.147015
0.000000    15.000000  0.152044
0.000000    20.000000  0.156313
0.000000    25.000000  0.160007
0.000000    30.000000  0.163282
0.000000    35.000000  0.166309
0.000000    40.000000  0.169273
0.000000    45.000000  0.172347
0.000000    50.000000  0.175812
0.000000    55.000000  0.179176
0.000000    60.000000  0.182197
0.000000    65.000000  0.184701
0.000000    70.000000  0.186573
0.000000    75.000000  0.187738
0.000000    80.000000  0.188128
0.000000    85.000000  0.187634
0.000000    90.000000  0.186756
0.000000    95.000000  0.195382
0.000000    100.000000  0.205836
0.000000    105.000000  0.214316
0.000000    110.000000  0.221470
0.000000    115.000000  0.227574
0.000000    120.000000  0.232777
0.000000    125.000000  0.237213
0.000000    130.000000  0.240975
0.000000    135.000000  0.244031
0.000000    140.000000  0.246783
0.000000    145.000000  0.248846
0.000000    150.000000  0.250295
0.000000    155.000000  0.251104
0.000000    160.000000  0.251230
0.000000    165.000000  0.250648
0.000000    170.000000  0.249269
0.000000    175.000000  0.246909
0.000000    180.000000  0.245013
5.000000    0.000000  0.146378
5.000000    5.000000  0.140865
5.000000    10.000000  0.146933
5.000000    15.000000  0.154054
5.000000    20.000000  0.159595
5.000000    25.000000  0.164157
5.000000    30.000000  0.168052
5.000000    35.000000  0.171460
5.000000    40.000000  0.174582
5.000000    45.000000  0.177615
5.000000    50.000000  0.180740
5.000000    55.000000  0.184257
5.000000    60.000000  0.187661
5.000000    65.000000  0.190715
5.000000    70.000000  0.193245
5.000000    75.000000  0.195137
5.000000    80.000000  0.196321
5.000000    85.000000  0.196728
5.000000    90.000000  0.196250
5.000000    95.000000  0.195382
5.000000    100.000000  0.204007
5.000000    105.000000  0.214454
5.000000    110.000000  0.222925
5.000000    115.000000  0.230066
5.000000    120.000000  0.236152
5.000000    125.000000  0.241332
5.000000    130.000000  0.245738
5.000000    135.000000  0.249462
5.000000    140.000000  0.252469
5.000000    145.000000  0.255157
5.000000    150.000000  0.257137
5.000000    155.000000  0.258472
5.000000    160.000000  0.259124
5.000000    165.000000  0.259015
5.000000    170.000000  0.258051
5.000000    175.000000  0.255956
5.000000    180.000000  0.251809
10.000000    0.000000  0.158533
10.000000    5.000000  0.152490
10.000000    10.000000  0.147015
10.000000    15.000000  0.154054
10.000000    20.000000  0.162173
10.000000    25.000000  0.168284
10.000000    30.000000  0.173243
10.000000    35.000000  0.177428
10.000000    40.000000  0.181049
10.000000    45.000000  0.184342
10.000000    50.000000  0.187509
10.000000    55.000000  0.190734
10.000000    60.000000  0.194350
10.000000    65.000000  0.197832
10.000000    70.000000  0.200944
10.000000    75.000000  0.203523
10.000000    80.000000  0.205449
10.000000    85.000000  0.206666
10.000000    90.000000  0.207107
10.000000    95.000000  0.206673
10.000000    100.000000  0.205836
10.000000    105.000000  0.214454
10.000000    110.000000  0.224887
10.000000    115.000000  0.233334
10.000000    120.000000  0.240442
10.000000    125.000000  0.246485
10.000000    130.000000  0.251610
10.000000    135.000000  0.255946
10.000000    140.000000  0.259580
10.000000    145.000000  0.262473
10.000000    150.000000  0.265012
10.000000    155.000000  0.266800
10.000000    160.000000  0.267881
10.000000    165.000000  0.268186
10.000000    170.000000  0.267577
10.000000    175.000000  0.265845
10.000000    180.000000  0.262432
15.000000    0.000000  0.168204
15.000000    5.000000  0.163419
15.000000    10.000000  0.157464
15.000000    15.000000  0.152044
15.000000    20.000000  0.159595
15.000000    25.000000  0.168284
15.000000    30.000000  0.174867
15.000000    35.000000  0.180185
15.000000    40.000000  0.184659
15.000000    45.000000  0.188513
15.000000    50.000000  0.191999
15.000000    55.000000  0.195328
15.000000    60.000000  0.198676
15.000000    65.000000  0.202412
15.000000    70.000000  0.205982
15.000000    75.000000  0.209166
15.000000    80.000000  0.211804
15.000000    85.000000  0.213775
15.000000    90.000000  0.215031
15.000000    95.000000  0.215493
15.000000    100.000000  0.215103
15.000000    105.000000  0.214316
15.000000    110.000000  0.222925
15.000000    115.000000  0.233334
15.000000    120.000000  0.241744
15.000000    125.000000  0.248801
15.000000    130.000000  0.254778
15.000000    135.000000  0.259817
15.000000    140.000000  0.264045
15.000000    145.000000  0.267543
15.000000    150.000000  0.270265
15.000000    155.000000  0.272582
15.000000    160.000000  0.274087
15.000000    165.000000  0.274803
15.000000    170.000000  0.274621
15.000000    175.000000  0.273341
15.000000    180.000000  0.270633
20.000000    0.000000  0.176004
20.000000    5.000000  0.172170
20.000000    10.000000  0.167503
20.000000    15.000000  0.161659
20.000000    20.000000  0.156313
20.000000    25.000000  0.164157
20.000000    30.000000  0.173243
20.000000    35.000000  0.180185
20.000000    40.000000  0.185822
20.000000    45.000000  0.190558
20.000000    50.000000  0.194639
20.000000    55.000000  0.198319
20.000000    60.000000  0.201813
20.000000    65.000000  0.205293
20.000000    70.000000  0.209154
20.000000    75.000000  0.212815
20.000000    80.000000  0.216072
20.000000    85.000000  0.218772
20.000000    90.000000  0.220790
20.000000    95.000000  0.222083
20.000000    100.000000  0.222568
20.000000    105.000000  0.222190
20.000000    110.000000  0.221470
20.000000    115.000000  0.230066
20.000000    120.000000  0.240442
20.000000    125.000000  0.248801
20.000000    130.000000  0.255788
20.000000    135.000000  0.261673
20.000000    140.000000  0.266597
20.000000    145.000000  0.270680
20.000000    150.000000  0.273997
20.000000    155.000000  0.276492
20.000000    160.000000  0.278520
20.000000    165.000000  0.279663
20.000000    170.000000  0.279919
20.000000    175.000000  0.279141
20.000000    180.000000  0.277066
25.000000    0.000000  0.182181
25.000000    5.000000  0.179177
25.000000    10.000000  0.175494
25.000000    15.000000  0.170967
25.000000    20.000000  0.165260
25.000000    25.000000  0.160007
25.000000    30.000000  0.168052
25.000000    35.000000  0.177428
25.000000    40.000000  0.184659
25.000000    45.000000  0.190558
25.000000    50.000000  0.195530
25.000000    55.000000  0.199821
25.000000    60.000000  0.203684
25.000000    65.000000  0.207339
25.000000    70.000000  0.210949
25.000000    75.000000  0.214929
25.000000    80.000000  0.218678
25.000000    85.000000  0.222003
25.000000    90.000000  0.224755
25.000000    95.000000  0.226809
25.000000    100.000000  0.228127
25.000000    105.000000  0.228627
25.000000    110.000000  0.228231
25.000000    115.000000  0.227574
25.000000    120.000000  0.236152
25.000000    125.000000  0.246485
25.000000    130.000000  0.254778
25.000000    135.000000  0.261673
25.000000    140.000000  0.267441
25.000000    145.000000  0.272217
25.000000    150.000000  0.276117
25.000000    155.000000  0.279207
25.000000    160.000000  0.281421
25.000000    165.000000  0.283095
25.000000    170.000000  0.283801
25.000000    175.000000  0.283513
25.000000    180.000000  0.282048
30.000000    0.000000  0.186887
30.000000    5.000000  0.184641
30.000000    10.000000  0.181828
30.000000    15.000000  0.178320
30.000000    20.000000  0.173959
30.000000    25.000000  0.168417
30.000000    30.000000  0.163282
30.000000    35.000000  0.171460
30.000000    40.000000  0.181049
30.000000    45.000000  0.188513
30.000000    50.000000  0.194639
30.000000    55.000000  0.199821
30.000000    60.000000  0.204303
30.000000    65.000000  0.208337
30.000000    70.000000  0.212144
30.000000    75.000000  0.215877
30.000000    80.000000  0.219964
30.000000    85.000000  0.223789
30.000000    90.000000  0.227168
30.000000    95.000000  0.229953
30.000000    100.000000  0.232027
30.000000    105.000000  0.233348
30.000000    110.000000  0.233836
30.000000    115.000000  0.233401
30.000000    120.000000  0.232777
30.000000    125.000000  0.241332
30.000000    130.000000  0.251610
30.000000    135.000000  0.259817
30.000000    140.000000  0.266597
30.000000    145.000000  0.272217
30.000000    150.000000  0.276810
30.000000    155.000000  0.280485
30.000000    160.000000  0.283297
30.000000    165.000000  0.285173
30.000000    170.000000  0.286426
30.000000    175.000000  0.286621
30.000000    180.000000  0.285709
35.000000    0.000000  0.190249
35.000000    5.000000  0.188706
35.000000    10.000000  0.186704
35.000000    15.000000  0.184111
35.000000    20.000000  0.180808
35.000000    25.000000  0.176642
35.000000    30.000000  0.171300
35.000000    35.000000  0.166309
35.000000    40.000000  0.174582
35.000000    45.000000  0.184342
35.000000    50.000000  0.191999
35.000000    55.000000  0.198319
35.000000    60.000000  0.203684
35.000000    65.000000  0.208337
35.000000    70.000000  0.212527
35.000000    75.000000  0.216470
35.000000    80.000000  0.220312
35.000000    85.000000  0.224489
35.000000    90.000000  0.228368
35.000000    95.000000  0.231775
35.000000    100.000000  0.234566
35.000000    105.000000  0.236628
35.000000    110.000000  0.237921
35.000000    115.000000  0.238362
35.000000    120.000000  0.237849
35.000000    125.000000  0.237213
35.000000    130.000000  0.245738
35.000000    135.000000  0.255946
35.000000    140.000000  0.264045
35.000000    145.000000  0.270680
35.000000    150.000000  0.276117
35.000000    155.000000  0.280485
35.000000    160.000000  0.283884
35.000000    165.000000  0.286363
35.000000    170.000000  0.287837
35.000000    175.000000  0.288597
35.000000    180.000000  0.288204
40.000000    0.000000  0.192311
40.000000    5.000000  0.191464
40.000000    10.000000  0.190242
40.000000    15.000000  0.188523
40.000000    20.000000  0.186188
40.000000    25.000000  0.183125
40.000000    30.000000  0.179191
40.000000    35.000000  0.174089
40.000000    40.000000  0.169273
40.000000    45.000000  0.177615
40.000000    50.000000  0.187509
40.000000    55.000000  0.195328
40.000000    60.000000  0.201813
40.000000    65.000000  0.207339
40.000000    70.000000  0.212144
40.000000    75.000000  0.216470
40.000000    80.000000  0.220531
40.000000    85.000000  0.224461
40.000000    90.000000  0.228701
40.000000    95.000000  0.232605
40.000000    100.000000  0.236004
40.000000    105.000000  0.238762
40.000000    110.000000  0.240769
40.000000    115.000000  0.241985
40.000000    120.000000  0.242329
40.000000    125.000000  0.241686
40.000000    130.000000  0.240975
40.000000    135.000000  0.249462
40.000000    140.000000  0.259580
40.000000    145.000000  0.267543
40.000000    150.000000  0.273997
40.000000    155.000000  0.279207
40.000000    160.000000  0.283297
40.000000    165.000000  0.286363
40.000000    170.000000  0.288443
40.000000    175.000000  0.289443
40.000000    180.000000  0.289630
45.000000    0.000000  0.192968
45.000000    5.000000  0.192890
45.000000    10.000000  0.192473
45.000000    15.000000  0.191624
45.000000    20.000000  0.190238
45.000000    25.000000  0.188206
45.000000    30.000000  0.185427
45.000000    35.000000  0.181769
45.000000    40.000000  0.176952
45.000000    45.000000  0.172347
45.000000    50.000000  0.180740
45.000000    55.000000  0.190734
45.000000    60.000000  0.198676
45.000000    65.000000  0.205293
45.000000    70.000000  0.210949
45.000000    75.000000  0.215877
45.000000    80.000000  0.220312
45.000000    85.000000  0.224461
45.000000    90.000000  0.228449
45.000000    95.000000  0.232712
45.000000    100.000000  0.236594
45.000000    105.000000  0.239935
45.000000    110.000000  0.242603
45.000000    115.000000  0.244495
45.000000    120.000000  0.245570
45.000000    125.000000  0.245745
45.000000    130.000000  0.244894
45.000000    135.000000  0.244031
45.000000    140.000000  0.252469
45.000000    145.000000  0.262473
45.000000    150.000000  0.270265
45.000000    155.000000  0.276492
45.000000    160.000000  0.281421
45.000000    165.000000  0.285173
45.000000    170.000000  0.287837
45.000000    175.000000  0.289443
45.000000    180.000000  0.289890
50.000000    0.000000  0.192311
50.000000    5.000000  0.192890
50.000000    10.000000  0.193372
50.000000    15.000000  0.193459
50.000000    20.000000  0.193056
50.000000    25.000000  0.192070
50.000000    30.000000  0.190402
50.000000    35.000000  0.187965
50.000000    40.000000  0.184637
50.000000    45.000000  0.180162
50.000000    50.000000  0.175812
50.000000    55.000000  0.184257
50.000000    60.000000  0.194350
50.000000    65.000000  0.202412
50.000000    70.000000  0.209154
50.000000    75.000000  0.214929
50.000000    80.000000  0.219964
50.000000    85.000000  0.224489
50.000000    90.000000  0.228701
50.000000    95.000000  0.232712
50.000000    100.000000  0.236955
50.000000    105.000000  0.240762
50.000000    110.000000  0.243983
50.000000    115.000000  0.246492
50.000000    120.000000  0.248194
50.000000    125.000000  0.249052
50.000000    130.000000  0.248981
50.000000    135.000000  0.247851
50.000000    140.000000  0.246783
50.000000    145.000000  0.255157
50.000000    150.000000  0.265012
50.000000    155.000000  0.272582
50.000000    160.000000  0.278520
50.000000    165.000000  0.283095
50.000000    170.000000  0.286426
50.000000    175.000000  0.288597
50.000000    180.000000  0.289630
55.000000    0.000000  0.190249
55.000000    5.000000  0.191464
55.000000    10.000000  0.192473
55.000000    15.000000  0.193459
55.000000    20.000000  0.194050
55.000000    25.000000  0.194119
55.000000    30.000000  0.193568
55.000000    35.000000  0.192307
55.000000    40.000000  0.190256
55.000000    45.000000  0.187305
55.000000    50.000000  0.183220
55.000000    55.000000  0.179176
55.000000    60.000000  0.187661
55.000000    65.000000  0.197832
55.000000    70.000000  0.205982
55.000000    75.000000  0.212815
55.000000    80.000000  0.218678
55.000000    85.000000  0.223789
55.000000    90.000000  0.228368
55.000000    95.000000  0.232605
55.000000    100.000000  0.236594
55.000000    105.000000  0.240762
55.000000    110.000000  0.244431
55.000000    115.000000  0.247467
55.000000    120.000000  0.249757
55.000000    125.000000  0.251215
55.000000    130.000000  0.251816
55.000000    135.000000  0.251490
55.000000    140.000000  0.250098
55.000000    145.000000  0.248846
55.000000    150.000000  0.257137
55.000000    155.000000  0.266800
55.000000    160.000000  0.274087
55.000000    165.000000  0.279663
55.000000    170.000000  0.283801
55.000000    175.000000  0.286621
55.000000    180.000000  0.288204
60.000000    0.000000  0.186887
60.000000    5.000000  0.188706
60.000000    10.000000  0.190242
60.000000    15.000000  0.191624
60.000000    20.000000  0.193056
60.000000    25.000000  0.194119
60.000000    30.000000  0.194654
60.000000    35.000000  0.194551
60.000000    40.000000  0.193721
60.000000    45.000000  0.192087
60.000000    50.000000  0.189547
60.000000    55.000000  0.185883
60.000000    60.000000  0.182197
60.000000    65.000000  0.190715
60.000000    70.000000  0.200944
60.000000    75.000000  0.209166
60.000000    80.000000  0.216072
60.000000    85.000000  0.222003
60.000000    90.000000  0.227168
60.000000    95.000000  0.231775
60.000000    100.000000  0.236004
60.000000    105.000000  0.239935
60.000000    110.000000  0.243983
60.000000    115.000000  0.247467
60.000000    120.000000  0.250276
60.000000    125.000000  0.252314
60.000000    130.000000  0.253519
60.000000    135.000000  0.253881
60.000000    140.000000  0.253327
60.000000    145.000000  0.251708
60.000000    150.000000  0.250295
60.000000    155.000000  0.258472
60.000000    160.000000  0.267881
60.000000    165.000000  0.274803
60.000000    170.000000  0.279919
60.000000    175.000000  0.283513
60.000000    180.000000  0.285709
65.000000    0.000000  0.182181
65.000000    5.000000  0.184641
65.000000    10.000000  0.186704
65.000000    15.000000  0.188523
65.000000    20.000000  0.190238
65.000000    25.000000  0.192070
65.000000    30.000000  0.193568
65.000000    35.000000  0.194551
65.000000    40.000000  0.194894
65.000000    45.000000  0.194503
65.000000    50.000000  0.193305
65.000000    55.000000  0.191202
65.000000    60.000000  0.187992
65.000000    65.000000  0.184701
65.000000    70.000000  0.193245
65.000000    75.000000  0.203523
65.000000    80.000000  0.211804
65.000000    85.000000  0.218772
65.000000    90.000000  0.224755
65.000000    95.000000  0.229953
65.000000    100.000000  0.234566
65.000000    105.000000  0.238762
65.000000    110.000000  0.242603
65.000000    115.000000  0.246492
65.000000    120.000000  0.249757
65.000000    125.000000  0.252314
65.000000    130.000000  0.254101
65.000000    135.000000  0.255074
65.000000    140.000000  0.255223
65.000000    145.000000  0.254470
65.000000    150.000000  0.252655
65.000000    155.000000  0.251104
65.000000    160.000000  0.259124
65.000000    165.000000  0.268186
65.000000    170.000000  0.274621
65.000000    175.000000  0.279141
65.000000    180.000000  0.282048
70.000000    0.000000  0.176004
70.000000    5.000000  0.179177
70.000000    10.000000  0.181828
70.000000    15.000000  0.184111
70.000000    20.000000  0.186188
70.000000    25.000000  0.188206
70.000000    30.000000  0.190402
70.000000    35.000000  0.192307
70.000000    40.000000  0.193721
70.000000    45.000000  0.194503
70.000000    50.000000  0.194557
70.000000    55.000000  0.193807
70.000000    60.000000  0.192164
70.000000    65.000000  0.189440
70.000000    70.000000  0.186573
70.000000    75.000000  0.195137
70.000000    80.000000  0.205449
70.000000    85.000000  0.213775
70.000000    90.000000  0.220790
70.000000    95.000000  0.226809
70.000000    100.000000  0.232027
70.000000    105.000000  0.236628
70.000000    110.000000  0.240769
70.000000    115.000000  0.244495
70.000000    120.000000  0.248194
70.000000    125.000000  0.251215
70.000000    130.000000  0.253519
70.000000    135.000000  0.255074
70.000000    140.000000  0.255839
70.000000    145.000000  0.255800
70.000000    150.000000  0.254875
70.000000    155.000000  0.252895
70.000000    160.000000  0.251230
70.000000    165.000000  0.259015
70.000000    170.000000  0.267577
70.000000    175.000000  0.273341
70.000000    180.000000  0.277066
75.000000    0.000000  0.168204
75.000000    5.000000  0.172170
75.000000    10.000000  0.175494
75.000000    15.000000  0.178320
75.000000    20.000000  0.180808
75.000000    25.000000  0.183125
75.000000    30.000000  0.185427
75.000000    35.000000  0.187965
75.000000    40.000000  0.190256
75.000000    45.000000  0.192087
75.000000    50.000000  0.193305
75.000000    55.000000  0.193807
75.000000    60.000000  0.193520
75.000000    65.000000  0.192356
75.000000    70.000000  0.190152
75.000000    75.000000  0.187738
75.000000    80.000000  0.196321
75.000000    85.000000  0.206666
75.000000    90.000000  0.215031
75.000000    95.000000  0.222083
75.000000    100.000000  0.228127
75.000000    105.000000  0.233348
75.000000    110.000000  0.237921
75.000000    115.000000  0.241985
75.000000    120.000000  0.245570
75.000000    125.000000  0.249052
75.000000    130.000000  0.251816
75.000000    135.000000  0.253881
75.000000    140.000000  0.255223
75.000000    145.000000  0.255800
75.000000    150.000000  0.255594
75.000000    155.000000  0.254521
75.000000    160.000000  0.252404
75.000000    165.000000  0.250648
75.000000    170.000000  0.258051
75.000000    175.000000  0.265845
75.000000    180.000000  0.270633
80.000000    0.000000  0.158533
80.000000    5.000000  0.163419
80.000000    10.000000  0.167503
80.000000    15.000000  0.170967
80.000000    20.000000  0.173959
80.000000    25.000000  0.176642
80.000000    30.000000  0.179191
80.000000    35.000000  0.181769
80.000000    40.000000  0.184637
80.000000    45.000000  0.187305
80.000000    50.000000  0.189547
80.000000    55.000000  0.191202
80.000000    60.000000  0.192164
80.000000    65.000000  0.192356
80.000000    70.000000  0.191694
80.000000    75.000000  0.190051
80.000000    80.000000  0.188128
80.000000    85.000000  0.196728
80.000000    90.000000  0.207107
80.000000    95.000000  0.215493
80.000000    100.000000  0.222568
80.000000    105.000000  0.228627
80.000000    110.000000  0.233836
80.000000    115.000000  0.238362
80.000000    120.000000  0.242329
80.000000    125.000000  0.245745
80.000000    130.000000  0.248981
80.000000    135.000000  0.251490
80.000000    140.000000  0.253327
80.000000    145.000000  0.254470
80.000000    150.000000  0.254875
80.000000    155.000000  0.254521
80.000000    160.000000  0.253321
80.000000    165.000000  0.251095
80.000000    170.000000  0.249269
80.000000    175.000000  0.255956
80.000000    180.000000  0.262432
85.000000    0.000000  0.146378
85.000000    5.000000  0.152490
85.000000    10.000000  0.157464
85.000000    15.000000  0.161659
85.000000    20.000000  0.165260
85.000000    25.000000  0.168417
85.000000    30.000000  0.171300
85.000000    35.000000  0.174089
85.000000    40.000000  0.176952
85.000000    45.000000  0.180162
85.000000    50.000000  0.183220
85.000000    55.000000  0.185883
85.000000    60.000000  0.187992
85.000000    65.000000  0.189440
85.000000    70.000000  0.190152
85.000000    75.000000  0.190051
85.000000    80.000000  0.189018
85.000000    85.000000  0.187634
85.000000    90.000000  0.196250
85.000000    95.000000  0.206673
85.000000    100.000000  0.215103
85.000000    105.000000  0.222190
85.000000    110.000000  0.228231
85.000000    115.000000  0.233401
85.000000    120.000000  0.237849
85.000000    125.000000  0.241686
85.000000    130.000000  0.244894
85.000000    135.000000  0.247851
85.000000    140.000000  0.250098
85.000000    145.000000  0.251708
85.000000    150.000000  0.252655
85.000000    155.000000  0.252895
85.000000    160.000000  0.252404
85.000000    165.000000  0.251095
85.000000    170.000000  0.248783
85.000000    175.000000  0.246909
85.000000    180.000000  0.251809
90.000000    0.000000  0.135335
90.000000    5.000000  0.140865
90.000000    10.000000  0.147015
90.000000    15.000000  0.152044
90.000000    20.000000  0.156313
90.000000    25.000000  0.160007
90.000000    30.000000  0.163282
90.000000    35.000000  0.166309
90.000000    40.000000  0.169273
90.000000    45.000000  0.172347
90.000000    50.000000  0.175812
90.000000    55.000000  0.179176
90.000000    60.000000  0.182197
90.000000    65.000000  0.184701
90.000000    70.000000  0.186573
90.000000    75.000000  0.187738
90.000000    80.000000  0.188128
90.000000    85.000000  0.187634
90.000000    90.000000  0.186756
90.000000    95.000000  0.195382
90.000000    100.000000  0.205836
90.000000    105.000000  0.214316
90.000000    110.000000  0.221470
90.000000    115.000000  0.227574
90.000000    120.000000  0.232777
90.000000    125.000000  0.237213
90.000000    130.000000  0.240975
90.000000    135.000000  0.244031
90.000000    140.000000  0.246783
90.000000    145.000000  0.248846
90.000000    150.000000  0.250295
90.000000    155.000000  0.251104
90.000000    160.000000  0.251230
90.000000    165.000000  0.250648
90.000000    170.000000  0.249269
90.000000    175.000000  0.246909
90.000000    180.000000  0.245013
95.000000    0.000000  0.146378
95.000000    5.000000  0.140865
95.000000    10.000000  0.146933
95.000000    15.000000  0.154054
95.000000    20.000000  0.159595
95.000000    25.000000  0.164157
95.000000    30.000000  0.168052
95.000000    35.000000  0.171460
95.000000    40.000000  0.174582
95.000000    45.000000  0.177615
95.000000    50.000000  0.180740
95.000000    55.000000  0.184257
95.000000    60.000000  0.187661
95.000000    65.000000  0.190715
95.000000    70.000000  0.193245
95.000000    75.000000  0.195137
95.000000    80.000000  0.196321
95.000000    85.000000  0.196728
95.000000    90.000000  0.196250
95.000000    95.000000  0.195382
95.000000    100.000000  0.204007
95.000000    105.000000  0.214454
95.000000    110.000000  0.222925
95.000000    115.000000  0.230066
95.000000    120.000000  0.236152
95.000000    125.000000  0.241332
95.000000    130.000000  0.245738
95.000000    135.000000  0.249462
95.000000    140.000000  0.252469
95.000000    145.000000  0.255157
95.000000    150.000000  0.257137
95.000000    155.000000  0.258472
95.000000    160.000000  0.259124
95.000000    165.000000  0.259015
95.000000    170.000000  0.258051
95.000000    175.000000  0.255956
95.000000    180.000000  0.251809
100.000000    0.000000  0.158533
100.000000    5.000000  0.152490
100.000000    10.000000  0.147015
100.000000    15.000000  0.154054
100.000000    20.000000  0.162173
100.000000    25.000000  0.168284
100.000000    30.000000  0.173243
100.000000    35.000000  0.177428
100.000000    40.000000  0.181049
100.000000    45.000000  0.184342
100.000000    50.000000  0.187509
100.000000    55.000000  0.190734
100.000000    60.000000  0.194350
100.000000    65.000000  0.197832
100.000000    70.000000  0.200944
100.000000    75.000000  0.203523
100.000000    80.000000  0.205449
100.000000    85.000000  0.206666
100.000000    90.000000  0.207107
100.000000    95.000000  0.206673
100.000000    100.000000  0.205836
100.000000    105.000000  0.214454
100.000000    110.000000  0.224887
100.000000    115.000000  0.233334
100.000000    120.000000  0.240442
100.000000    125.000000  0.246485
100.000000    130.000000  0.251610
100.000000    135.000000  0.255946
100.000000    140.000000  0.259580
100.000000    145.000000  0.262473
100.000000    150.000000  0.265012
100.000000    155.000000  0.266800
100.000000    160.000000  0.267881
100.000000    165.000000  0.268186
100.000000    170.000000  0.267577
100.000000    175.000000  0.265845
100.000000    180.000000  0.262432
105.000000    0.000000  0.168204
105.000000    5.000000  0.163419
105.000000    10.000000  0.157464
105.000000    15.000000  0.152044
105.000000    20.000000  0.159595
105.000000    25.000000  0.168284
105.000000    30.000000  0.174867
105.000000    35.000000  0.180185
105.000000    40.000000  0.184659
105.000000    45.000000  0.188513
105.000000    50.000000  0.191999
105.000000    55.000000  0.195328
105.000000    60.000000  0.198676
105.000000    65.000000  0.202412
105.000000    70.000000  0.205982
105.000000    75.000000  0.209166
105.000000    80.000000  0.211804
105.000000    85.000000  0.213775
105.000000    90.000000  0.215031
105.000000    95.000000  0.215493
105.000000    100.000000  0.215103
105.000000    105.000000  0.214316
105.000000    110.000000  0.222925
105.000000    115.000000  0.233334
105.000000    120.000000  0.241744
105.000000    125.000000  0.248801
105.000000    130.000000  0.254778
105.000000    135.000000  0.259817
105.000000    140.000000  0.264045
105.000000    145.000000  0.267543
105.000000    150.000000  0.270265
105.000000    155.000000  0.272582
105.000000    160.000000  0.274087
105.000000    165.000000  0.274803
105.000000    170.000000  0.274621
105.000000    175.000000  0.273341
105.000000    180.000000  0.270633
110.000000    0.000000  0.176004
110.000000    5.000000  0.172170
110.000000    10.000000  0.167503
110.000000    15.000000  0.161659
110.000000    20.000000  0.156313
110.000000    25.000000  0.164157
110.000000    30.000000  0.173243
110.000000    35.000000  0.180185
110.000000    40.000000  0.185822
110.000000    45.000000  0.190558
110.000000    50.000000  0.194639
110.000000    55.000000  0.198319
110.000000    60.000000  0.201813
110.000000    65.000000  0.205293
110.000000    70.000000  0.209154
110.000000    75.000000  0.212815
110.000000    80.000000  0.216072
110.000000    85.000000  0.218772
110.000000    90.000000  0.220790
110.000000    95.000000  0.222083
110.000000    100.000000  0.222568
110.000000    105.000000  0.222190
110.000000    110.000000  0.221470
110.000000    115.000000  0.230066
110.000000    120.000000  0.240442
110.000000    125.000000  0.248801
110.000000    130.000000  0.255788
110.000000    135.000000  0.261673
110.000000    140.000000  0.266597
110.000000    145.000000  0.270680
110.000000    150.000000  0.273997
110.000000    155.000000  0.276492
110.000000    160.000000  0.278520
110.000000    165.000000  0.279663
110.000000    170.000000  0.279919
110.000000    175.000000  0.279141
110.000000    180.000000  0.277066
115.000000    0.000000  0.182181
115.000000    5.000000  0.179177
115.000000    10.000000  0.175494
115.000000    15.000000  0.170967
115.000000    20.000000  0.165260
115.000000    25.000000  0.160007
115.000000    30.000000  0.168052
115.000000    35.000000  0.177428
115.000000    40.000000  0.184659
115.000000    45.000000  0.190558
115.000000    50.000000  0.195530
115.000000    55.000000  0.199821
115.000000    60.000000  0.203684
115.000000    65.000000  0.207339
115.000000    70.000000  0.210949
115.000000    75.000000  0.214929
115.000000    80.000000  0.218678
115.000000    85.000000  0.222003
115.000000    90.000000  0.224755
115.000000    95.000000  0.226809
115.000000    100.000000  0.228127
115.000000    105.000000  0.228627
115.000000    110.000000  0.228231
115.000000    115.000000  0.227574
115.000000    120.000000  0.236152
115.000000    125.000000  0.246485
115.000000    130.000000  0.254778
115.000000    135.000000  0.261673
115.000000    140.000000  0.267441
115.000000    145.000000  0.272217
115.000000    150.000000  0.276117
115.000000    155.000000  0.279207
115.000000    160.000000  0.281421
115.000000    165.000000  0.283095
115.000000    170.000000  0.283801
115.000000    175.000000  0.283513
115.000000    180.000000  0.282048
120.000000    0.000000  0.186887
120.000000    5.000000  0.184641
120.000000    10.000000  0.181828
120.000000    15.000000  0.178320
120.000000    20.000000  0.173959
120.000000    25.000000  0.168417
120.000000    30.000000  0.163282
120.000000    35.000000  0.171460
120.000000    40.000000  0.181049
120.000000    45.000000  0.188513
120.000000    50.000000  0.194639
120.000000    55.000000  0.199821
120.000000    60.000000  0.204303
120.000000    65.000000  0.208337
120.000000    70.000000  0.212144
120.000000    75.000000  0.215877
120.000000    80.000000  0.219964
120.000000    85.000000  0.223789
120.000000    90.000000  0.227168
120.000000    95.000000  0.229953
120.000000    100.000000  0.232027
120.000000    105.000000  0.233348
120.000000    110.000000  0.233836
120.000000    115.000000  0.233401
120.000000    120.000000  0.232777
120.000000    125.000000  0.241332
120.000000    130.000000  0.251610
120.000000    135.000000  0.259817
120.000000    140.000000  0.266597
120.000000    145.000000  0.272217
120.000000    150.000000  0.276810
120.000000    155.000000  0.280485
120.000000    160.000000  0.283297
120.000000    165.000000  0.285173
120.000000    170.000000  0.286426
120.000000    175.000000  0.286621
120.000000    180.000000  0.285709
125.000000    0.000000  0.190249
125.000000    5.000000  0.188706
125.000000    10.000000  0.186704
125.000000    15.000000  0.184111
125.000000    20.000000  0.180808
125.000000    25.000000  0.176642
125.000000    30.000000  0.171300
125.000000    35.000000  0.166309
125.000000    40.000000  0.174582
125.000000    45.000000  0.184342
125.000000    50.000000  0.191999
125.000000    55.000000  0.198319
125.000000    60.000000  0.203684
125.000000    65.000000  0.208337
125.000000    70.000000  0.212527
125.000000    75.000000  0.216470
125.000000    80.000000  0.220312
125.000000    85.000000  0.224489
125.000000    90.000000  0.228368
125.000000    95.000000  0.231775
125.000000    100.000000  0.234566
125.000000    105.000000  0.236628
125.000000    110.000000  0.237921
125.000000    115.000000  0.238362
125.000000    120.000000  0.237849
125.000000    125.000000  0.237213
125.000000    130.000000  0.245738
125.000000    135.000000  0.255946
125.000000    140.000000  0.264045
125.000000    145.000000  0.270680
125.000000    150.000000  0.276117
125.000000    155.000000  0.280485
125.000000    160.000000  0.283884
125.000000    165.000000  0.286363
125.000000    170.000000  0.287837
125.000000    175.000000  0.288597
125.000000    180.000000  0.288204
130.000000    0.000000  0.192311
130.000000    5.000000  0.191464
130.000000    10.000000  0.190242
130.000000    15.000000  0.188523
130.000000    20.000000  0.186188
130.000000    25.000000  0.183125
130.000000    30.000000  0.179191
130.000000    35.000000  0.174089
130.000000    40.000000  0.169273
130.000000    45.000000  0.177615
130.000000    50.000000  0.187509
130.000000    55.000000  0.195328
130.000000    60.000000  0.201813
130.000000    65.000000  0.207339
130.000000    70.000000  0.212144
130.000000    75.000000  0.216470
130.000000    80.000000  0.220531
130.000000    85.000000  0.224461
130.000000    90.000000  0.228701
130.000000    95.000000  0.232605
130.000000    100.000000  0.236004
130.000000    105.000000  0.238762
130.000000    110.000000  0.240769
130.000000    115.000000  0.241985
130.000000    120.000000  0.242329
130.000000    125.000000  0.241686
130.000000    130.000000  0.240975
130.000000    135.000000  0.249462
130.000000    140.000000  0.259580
130.000000    145.000000  0.267543
130.000000    150.000000  0.273997
130.000000    155.000000  0.279207
130.000000    160.000000  0.283297
130.000000    165.000000  0.286363
130.000000    170.000000  0.288443
130.000000    175.000000  0.289443
130.000000    180.000000  0.289630
135.000000    0.000000  0.192968
135.000000    5.000000  0.192890
135.000000    10.000000  0.192473
135.000000    15.000000  0.191624
135.000000    20.000000  0.190238
135.000000    25.000000  0.188206
135.000000    30.000000  0.185427
135.000000    35.000000  0.181769
135.000000    40.000000  0.176952
135.000000    45.000000  0.172347
135.000000    50.000000  0.180740
135.000000    55.000000  0.190734
135.000000    60.000000  0.198676
135.000000    65.000000  0.205293
135.000000    70.000000  0.210949
135.000000    75.000000  0.215877
135.000000    80.000000  0.220312
135.000000    85.000000  0.224461
135.000000    90.000000  0.228449
135.000000    95.000000  0.232712
135.000000    100.000000  0.236594
135.000000    105.000000  0.239935
135.000000    110.000000  0.242603
135.000000    115.000000  0.244495
135.000000    120.000000  0.245570
135.000000    125.000000  0.245745
135.000000    130.000000  0.244894
135.000000    135.000000  0.244031
135.000000    140.000000  0.252469
135.000000    145.000000  0.262473
135.000000    150.000000  0.270265
135.000000    155.000000  0.276492
135.000000    160.000000  0.281421
135.000000    165.000000  0.285173
135.000000    170.000000  0.287837
135.000000    175.000000  0.289443
135.000000    180.000000  0.289890
140.000000    0.000000  0.192311
140.000000    5.000000  0.192890
140.000000    10.000000  0.193372
140.000000    15.000000  0.193459
140.000000    20.000000  0.193056
140.000000    25.000000  0.192070
140.000000    30.000000  0.190402
140.000000    35.000000  0.187965
140.000000    40.000000  0.184637
140.000000    45.000000  0.180162
140.000000    50.000000  0.175812
140.000000    55.000000  0.184257
140.000000    60.000000  0.194350
140.000000    65.000000  0.202412
140.000000    70.000000  0.209154
140.000000    75.000000  0.214929
140.000000    80.000000  0.219964
140.000000    85.000000  0.224489
140.000000    90.000000  0.228701
140.000000    95.000000  0.232712
140.000000    100.000000  0.236955
140.000000    105.000000  0.240762
140.000000    110.000000  0.243983
140.000000    115.000000  0.246492
140.000000    120.000000  0.248194
140.000000    125.000000  0.249052
140.000000    130.000000  0.248981
140.000000    135.000000  0.247851
140.000000    140.000000  0.246783
140.000000    145.000000  0.255157
140.000000    150.000000  0.265012
140.000000    155.000000  0.272582
140.000000    160.000000  0.278520
140.000000    165.000000  0.283095
140.000000    170.000000  0.286426
140.000000    175.000000  0.288597
140.000000    180.000000  0.289630
145.000000    0.000000  0.190249
145.000000    5.000000  0.191464
145.000000    10.000000  0.192473
145.000000    15.000000  0.193459
145.000000    20.000000  0.194050
145.000000    25.000000  0.194119
145.000000    30.000000  0.193568
145.000000    35.000000  0.192307
145.000000    40.000000  0.190256
145.000000    45.000000  0.187305
145.000000    50.000000  0.183220
145.000000    55.000000  0.179176
145.000000    60.000000  0.187661
145.000000    65.000000  0.197832
145.000000    70.000000  0.205982
145.000000    75.000000  0.212815
145.000000    80.000000  0.218678
145.000000    85.000000  0.223789
145.000000    90.000000  0.228368
145.000000    95.000000  0.232605
145.000000    100.000000  0.236594
145.000000    105.000000  0.240762
145.000000    110.000000  0.244431
145.000000    115.000000  0.247467
145.000000    120.000000  0.249757
145.000000    125.000000  0.251215
145.000000    130.000000  0.251816
145.000000    135.000000  0.251490
145.000000    140.000000  0.250098
145.000000    145.000000  0.248846
145.000000    150.000000  0.257137
145.000000    155.000000  0.266800
145.000000    160.000000  0.274087
145.000000    165.000000  0.279663
145.000000    170.000000  0.283801
145.000000    175.000000  0.286621
145.000000    180.000000  0.288204
150.000000    0.000000  0.186887
150.000000    5.000000  0.188706
150.000000    10.000000  0.190242
150.000000    15.000000  0.191624
150.000000    20.000000  0.193056
150.000000    25.000000  0.194119
150.000000    30.000000  0.194654
150.000000    35.000000  0.194551
150.000000    40.000000  0.193721
150.000000    45.000000  0.192087
150.000000    50.000000  0.189547
150.000000    55.000000  0.185883
150.000000    60.000000  0.182197
150.000000    65.000000  0.190715
150.000000    70.000000  0.200944
150.000000    75.000000  0.209166
150.000000    80.000000  0.216072
150.000000    85.000000  0.222003
150.000000    90.000000  0.227168
150.000000    95.000000  0.231775
150.000000    100.000000  0.236004
150.000000    105.000000  0.239935
150.000000    110.000000  0.243983
150.000000    115.000000  0.247467
150.000000    120.000000  0.250276
150.000000    125.000000  0.252314
150.000000    130.000000  0.253519
150.000000    135.000000  0.253881
150.000000    140.000000  0.253327
150.000000    145.000000  0.251708
150.000000    150.000000  0.250295
150.000000    155.000000  0.258472
150.000000    160.000000  0.267881
150.000000    165.000000  0.274803
150.000000    170.000000  0.279919
150.000000    175.000000  0.283513
150.000000    180.000000  0.285709
155.000000    0.000000  0.182181
155.000000    5.000000  0.184641
155.000000    10.000000  0.186704
155.000000    15.000000  0.188523
155.000000    20.000000  0.190238
155.000000    25.000000  0.192070
155.000000    30.000000  0.193568
155.000000    35.000000  0.194551
155.000000    40.000000  0.194894
155.000000    45.000000  0.194503
155.000000    50.000000  0.193305
155.000000    55.000000  0.191202
155.000000    60.000000  0.187992
155.000000    65.000000  0.184701
155.000000    70.000000  0.193245
155.000000    75.000000  0.203523
155.000000    80.000000  0.211804
155.000000    85.000000  0.218772
155.000000    90.000000  0.224755
155.000000    95.000000  0.229953
155.000000    100.000000  0.234566
155.000000    105.000000  0.238762
155.000000    110.000000  0.242603
155.000000    115.000000  0.246492
155.000000    120.000000  0.249757
155.000000    125.000000  0.252314
155.000000    130.000000  0.254101
155.000000    135.000000  0.255074
155.000000    140.000000  0.255223
155.000000    145.000000  0.254470
155.000000    150.000000  0.252655
155.000000    155.000000  0.251104
155.000000    160.000000  0.259124
155.000000    165.000000  0.268186
155.000000    170.000000  0.274621
155.000000    175.000000  0.279141
155.000000    180.000000  0.282048
160.000000    0.000000  0.176004
160.000000    5.000000  0.179177
160.000000    10.000000  0.181828
160.000000    15.000000  0.184111
160.000000    20.000000  0.186188
160.000000    25.000000  0.188206
160.000000    30.000000  0.190402
160.000000    35.000000  0.192307
160.000000    40.000000  0.193721
160.000000    45.000000  0.194503
160.000000    50.000000  0.194557
160.000000    55.000000  0.193807
160.000000    60.000000  0.192164
160.000000    65.000000  0.189440
160.000000    70.000000  0.186573
160.000000    75.000000  0.195137
160.000000    80.000000  0.205449
160.000000    85.000000  0.213775
160.000000    90.000000  0.220790
160.000000    95.000000  0.226809
160.000000    100.000000  0.232027
160.000000    105.000000  0.236628
160.000000    110.000000  0.240769
160.000000    115.000000  0.244495
160.000000    120.000000  0.248194
160.000000    125.000000  0.251215
160.000000    130.000000  0.253519
160.000000    135.000000  0.255074
160.000000    140.000000  0.255839
160.000000    145.000000  0.255800
160.000000    150.000000  0.254875
160.000000    155.000000  0.252895
160.000000    160.000000  0.251230
160.000000    165.000000  0.259015
160.000000    170.000000  0.267577
160.000000    175.000000  0.273341
160.000000    180.000000  0.277066
165.000000    0.000000  0.168204
165.000000    5.000000  0.172170
165.000000    10.000000  0.175494
165.000000    15.000000  0.178320
165.000000    20.000000  0.180808
165.000000    25.000000  0.183125
165.000000    30.000000  0.185427
165.000000    35.000000  0.187965
165.000000    40.000000  0.190256
165.000000    45.000000  0.192087
165.000000    50.000000  0.193305
165.000000    55.000000  0.193807
165.000000    60.000000  0.193520
165.000000    65.000000  0.192356
165.000000    70.000000  0.190152
165.000000    75.000000  0.187738
165.000000    80.000000  0.196321
165.000000    85.000000  0.206666
165.000000    90.000000  0.215031
165.000000    95.000000  0.222083
165.000000    100.000000  0.228127
165.000000    105.000000  0.233348
165.000000    110.000000  0.237921
165.000000    115.000000  0.241985
165.000000    120.000000  0.245570
165.000000    125.000000  0.249052
165.000000    130.000000  0.251816
165.000000    135.000000  0.253881
165.000000    140.000000  0.255223
165.000000    145.000000  0.255800
165.000000    150.000000  0.255594
165.000000    155.000000  0.254521
165.000000    160.000000  0.252404
165.000000    165.000000  0.250648
165.000000    170.000000  0.258051
165.000000    175.000000  0.265845
165.000000    180.000000  0.270633
170.000000    0.000000  0.158533
170.000000    5.000000  0.163419
170.000000    10.000000  0.167503
170.000000    15.000000  0.170967
170.000000    20.000000  0.173959
170.000000    25.000000  0.176642
170.000000    30.000000  0.179191
170.000000    35.000000  0.181769
170.000000    40.000000  0.184637
170.000000    45.000000  0.187305
170.000000    50.000000  0.189547
170.000000    55.000000  0.191202
170.000000    60.000000  0.192164
170.000000    65.000000  0.192356
170.000000    70.000000  0.191694
170.000000    75.000000  0.190051
170.000000    80.000000  0.188128
170.000000    85.000000  0.196728
170.000000    90.000000  0.207107
170.000000    95.000000  0.215493
170.000000    100.000000  0.222568
170.000000    105.000000  0.228627
170.000000    110.000000  0.233836
170.000000    115.000000  0.238362
170.000000    120.000000  0.242329
170.000000    125.000000  0.245745
170.000000    130.000000  0.248981
170.000000    135.000000  0.251490
170.000000    140.000000  0.253327
170.000000    145.000000  0.254470
170.000000    150.000000  0.254875
170.000000    155.000000  0.254521
170.000000    160.000000  0.253321
170.000000    165.000000  0.251095
170.000000    170.000000  0.249269
170.000000    175.000000  0.255956
170.000000    180.000000  0.262432
175.000000    0.000000  0.146378
175.000000    5.000000  0.152490
175.000000    10.000000  0.157464
175.000000    15.000000  0.161659
175.000000    20.000000  0.165260
175.000000    25.000000  0.168417
175.000000    30.000000  0.171300
175.000000    35.000000  0.174089
175.000000    40.000000  0.176952
175.000000    45.000000  0.180162
175.000000    50.000000  0.183220
175.000000    55.000000  0.185883
175.000000    60.000000  0.187992
175.000000    65.000000  0.189440
175.000000    70.000000  0.190152
175.000000    75.000000  0.190051
175.000000    80.000000  0.189018
175.000000    85.000000  0.187634
175.000000    90.000000  0.196250
175.000000    95.000000  0.206673
175.000000    100.000000  0.215103
175.000000    105.000000  0.222190
175.000000    110.000000  0.228231
175.000000    115.000000  0.233401
175.000000    120.000000  0.237849
175.000000    125.000000  0.241686
175.000000    130.000000  0.244894
175.000000    135.000000  0.247851
175.000000    140.000000  0.250098
175.000000    145.000000  0.251708
175.000000    150.000000  0.252655
175.000000    155.000000  0.252895
175.000000    160.000000  0.252404
175.000000    165.000000  0.251095
175.000000    170.000000  0.248783
175.000000    175.000000  0.246909
175.000000    180.000000  0.251809
180.000000    0.000000  0.135335
180.000000    5.000000  0.140865
180.000000    10.000000  0.147015
180.000000    15.000000  0.152044
180.000000    20.000000  0.156313
180.000000    25.000000  0.160007
180.000000    30.000000  0.163282
180.000000    35.000000  0.166309
180.000000    40.000000  0.169273
180.000000    45.000000  0.172347
180.000000    50.000000  0.175812
180.000000    55.000000  0.179176
180.000000    60.000000  0.182197
180.000000    65.000000  0.184701
180.000000    70.000000  0.186573
180.000000    75.000000  0.187738
180.000000    80.000000  0.188128
180.000000    85.000000  0.187634
180.000000    90.000000  0.186756
180.000000    95.000000  0.195382
180.000000    100.000000  0.205836
180.000000    105.000000  0.214316
180.000000    110.000000  0.221470
180.000000    115.000000  0.227574
180.000000    120.000000  0.232777
180.000000    125.000000  0.237213
180.000000    130.000000  0.240975
180.000000    135.000000  0.244031
180.000000    140.000000  0.246783
180.000000    145.000000  0.248846
180.000000    150.000000  0.250295
180.000000    155.000000  0.251104
180.000000    160.000000  0.251230
180.000000    165.000000  0.250648
180.000000    170.000000  0.249269
180.000000    175.000000  0.246909
180.000000    180.000000  0.245013
