0.000000    0.000000  0.135335
0.000000    5.000000  0.136986
0.000000    10.000000  0.137746
0.000000    15.000000  0.137529
0.000000    20.000000  0.136370
0.000000    25.000000  0.134297
0.000000    30.000000  0.131337
0.000000    35.000000  0.127527
0.000000    40.000000  0.122922
0.000000    45.000000  0.117598
0.000000    50.000000  0.111671
0.000000    55.000000  0.105313
0.000000    60.000000  0.098765
0.000000    65.000000  0.092331
0.000000    70.000000  0.086329
0.000000    75.000000  0.080969
0.000000    80.000000  0.076210
0.000000    85.000000  0.071832
0.000000    90.000000  0.067727
0.000000    95.000000  0.095391
0.000000    100.000000  0.119636
0.000000    105.000000  0.140497
0.000000    110.000000  0.158551
0.000000    115.000000  0.174191
0.000000    120.000000  0.187718
0.000000    125.000000  0.199372
0.000000    130.000000  0.209359
0.000000    135.000000  0.217858
0.000000    140.000000  0.225021
0.000000    145.000000  0.230976
0.000000    150.000000  0.235831
0.000000    155.000000  0.239668
0.000000    160.000000  0.242553
0.000000    165.000000  0.244535
0.000000    170.000000  0.245645
0.000000    175.000000  0.245893
0.000000    180.000000  0.245367
5.000000    0.000000  0.138631
5.000000    5.000000  0.136986
5.000000    10.000000  0.139292
5.000000    15.000000  0.140300
5.000000    20.000000  0.140211
5.000000    25.000000  0.139133
5.000000    30.000000  0.137117
5.000000    35.000000  0.134202
5.000000    40.000000  0.130431
5.000000    45.000000  0.125862
5.000000    50.000000  0.120572
5.000000    55.000000  0.114677
5.000000    60.000000  0.108353
5.000000    65.000000  0.101840
5.000000    70.000000  0.095442
5.000000    75.000000  0.089476
5.000000    80.000000  0.084152
5.000000    85.000000  0.079428
5.000000    90.000000  0.075084
5.000000    95.000000  0.071010
5.000000    100.000000  0.098667
5.000000    105.000000  0.122895
5.000000    110.000000  0.143732
5.000000    115.000000  0.161756
5.000000    120.000000  0.177366
5.000000    125.000000  0.190860
5.000000    130.000000  0.202480
5.000000    135.000000  0.212434
5.000000    140.000000  0.220899
5.000000    145.000000  0.228026
5.000000    150.000000  0.233943
5.000000    155.000000  0.238753
5.000000    160.000000  0.242537
5.000000    165.000000  0.245350
5.000000    170.000000  0.247223
5.000000    175.000000  0.248135
5.000000    180.000000  0.247904
10.000000    0.000000  0.140118
10.000000    5.000000  0.139380
10.000000    10.000000  0.137746
10.000000    15.000000  0.140300
10.000000    20.000000  0.141575
10.000000    25.000000  0.141676
10.000000    30.000000  0.140738
10.000000    35.000000  0.138836
10.000000    40.000000  0.136020
10.000000    45.000000  0.132341
10.000000    50.000000  0.127860
10.000000    55.000000  0.122659
10.000000    60.000000  0.116855
10.000000    65.000000  0.110626
10.000000    70.000000  0.104212
10.000000    75.000000  0.097916
10.000000    80.000000  0.092055
10.000000    85.000000  0.086835
10.000000    90.000000  0.082212
10.000000    95.000000  0.077964
10.000000    100.000000  0.073984
10.000000    105.000000  0.101620
10.000000    110.000000  0.125796
10.000000    115.000000  0.146560
10.000000    120.000000  0.164498
10.000000    125.000000  0.180015
10.000000    130.000000  0.193412
10.000000    135.000000  0.204934
10.000000    140.000000  0.214790
10.000000    145.000000  0.223156
10.000000    150.000000  0.230182
10.000000    155.000000  0.235992
10.000000    160.000000  0.240683
10.000000    165.000000  0.244325
10.000000    170.000000  0.246957
10.000000    175.000000  0.248573
10.000000    180.000000  0.249066
15.000000    0.000000  0.139620
15.000000    5.000000  0.139873
15.000000    10.000000  0.139148
15.000000    15.000000  0.137529
15.000000    20.000000  0.140211
15.000000    25.000000  0.141676
15.000000    30.000000  0.141941
15.000000    35.000000  0.141150
15.000000    40.000000  0.139382
15.000000    45.000000  0.136694
15.000000    50.000000  0.133141
15.000000    55.000000  0.128789
15.000000    60.000000  0.123721
15.000000    65.000000  0.118059
15.000000    70.000000  0.111979
15.000000    75.000000  0.105722
15.000000    80.000000  0.099591
15.000000    85.000000  0.093900
15.000000    90.000000  0.088850
15.000000    95.000000  0.084391
15.000000    100.000000  0.080299
15.000000    105.000000  0.076469
15.000000    110.000000  0.104069
15.000000    115.000000  0.128156
15.000000    120.000000  0.148797
15.000000    125.000000  0.166592
15.000000    130.000000  0.181952
15.000000    135.000000  0.195187
15.000000    140.000000  0.206547
15.000000    145.000000  0.216241
15.000000    150.000000  0.224446
15.000000    155.000000  0.231310
15.000000    160.000000  0.236950
15.000000    165.000000  0.241458
15.000000    170.000000  0.244891
15.000000    175.000000  0.247265
15.000000    180.000000  0.248537
20.000000    0.000000  0.137232
20.000000    5.000000  0.138423
20.000000    10.000000  0.138680
20.000000    15.000000  0.137968
20.000000    20.000000  0.136370
20.000000    25.000000  0.139133
20.000000    30.000000  0.140738
20.000000    35.000000  0.141150
20.000000    40.000000  0.140505
20.000000    45.000000  0.138882
20.000000    50.000000  0.136342
20.000000    55.000000  0.132943
20.000000    60.000000  0.128754
20.000000    65.000000  0.123860
20.000000    70.000000  0.118385
20.000000    75.000000  0.112506
20.000000    80.000000  0.106464
20.000000    85.000000  0.100559
20.000000    90.000000  0.095100
20.000000    95.000000  0.090281
20.000000    100.000000  0.086047
20.000000    105.000000  0.082168
20.000000    110.000000  0.078540
20.000000    115.000000  0.106087
20.000000    120.000000  0.130047
20.000000    125.000000  0.150511
20.000000    130.000000  0.168099
20.000000    135.000000  0.183237
20.000000    140.000000  0.196244
20.000000    145.000000  0.207375
20.000000    150.000000  0.216843
20.000000    155.000000  0.224825
20.000000    160.000000  0.231465
20.000000    165.000000  0.236877
20.000000    170.000000  0.241143
20.000000    175.000000  0.244306
20.000000    180.000000  0.246365
25.000000    0.000000  0.133055
25.000000    5.000000  0.135130
25.000000    10.000000  0.136308
25.000000    15.000000  0.136564
25.000000    20.000000  0.135867
25.000000    25.000000  0.134297
25.000000    30.000000  0.137117
25.000000    35.000000  0.138836
25.000000    40.000000  0.139382
25.000000    45.000000  0.138882
25.000000    50.000000  0.137414
25.000000    55.000000  0.135041
25.000000    60.000000  0.131822
25.000000    65.000000  0.127829
25.000000    70.000000  0.123149
25.000000    75.000000  0.117907
25.000000    80.000000  0.112280
25.000000    85.000000  0.106508
25.000000    90.000000  0.100887
25.000000    95.000000  0.095721
25.000000    100.000000  0.091194
25.000000    105.000000  0.087241
25.000000    110.000000  0.083627
25.000000    115.000000  0.080247
25.000000    120.000000  0.107725
25.000000    125.000000  0.131512
25.000000    130.000000  0.151741
25.000000    135.000000  0.169055
25.000000    140.000000  0.183899
25.000000    145.000000  0.196606
25.000000    150.000000  0.207439
25.000000    155.000000  0.216613
25.000000    160.000000  0.224307
25.000000    165.000000  0.230662
25.000000    170.000000  0.235787
25.000000    175.000000  0.239754
25.000000    180.000000  0.242596
30.000000    0.000000  0.127221
30.000000    5.000000  0.130109
30.000000    10.000000  0.132144
30.000000    15.000000  0.133300
30.000000    20.000000  0.133554
30.000000    25.000000  0.132873
30.000000    30.000000  0.131337
30.000000    35.000000  0.134202
30.000000    40.000000  0.136020
30.000000    45.000000  0.136694
30.000000    50.000000  0.136342
30.000000    55.000000  0.135041
30.000000    60.000000  0.132853
30.000000    65.000000  0.129842
30.000000    70.000000  0.126077
30.000000    75.000000  0.121651
30.000000    80.000000  0.116686
30.000000    85.000000  0.111362
30.000000    90.000000  0.105915
30.000000    95.000000  0.100637
30.000000    100.000000  0.095822
30.000000    105.000000  0.091644
30.000000    110.000000  0.088025
30.000000    115.000000  0.084723
30.000000    120.000000  0.081629
30.000000    125.000000  0.109016
30.000000    130.000000  0.132581
30.000000    135.000000  0.152507
30.000000    140.000000  0.169473
30.000000    145.000000  0.183945
30.000000    150.000000  0.196274
30.000000    155.000000  0.206732
30.000000    160.000000  0.215541
30.000000    165.000000  0.222879
30.000000    170.000000  0.228885
30.000000    175.000000  0.233662
30.000000    180.000000  0.237274
35.000000    0.000000  0.119900
35.000000    5.000000  0.123512
35.000000    10.000000  0.126325
35.000000    15.000000  0.128307
35.000000    20.000000  0.129434
35.000000    25.000000  0.129683
35.000000    30.000000  0.129022
35.000000    35.000000  0.127527
35.000000    40.000000  0.130431
35.000000    45.000000  0.132341
35.000000    50.000000  0.133141
35.000000    55.000000  0.132943
35.000000    60.000000  0.131822
35.000000    65.000000  0.129842
35.000000    70.000000  0.127064
35.000000    75.000000  0.123563
35.000000    80.000000  0.119429
35.000000    85.000000  0.114788
35.000000    90.000000  0.109818
35.000000    95.000000  0.104751
35.000000    100.000000  0.099872
35.000000    105.000000  0.095465
35.000000    110.000000  0.091687
35.000000    115.000000  0.088448
35.000000    120.000000  0.085495
35.000000    125.000000  0.082718
35.000000    130.000000  0.109989
35.000000    135.000000  0.133272
35.000000    140.000000  0.152818
35.000000    145.000000  0.169349
35.000000    150.000000  0.183362
35.000000    155.000000  0.195226
35.000000    160.000000  0.205227
35.000000    165.000000  0.213591
35.000000    170.000000  0.220500
35.000000    175.000000  0.226088
35.000000    180.000000  0.230453
40.000000    0.000000  0.111317
40.000000    5.000000  0.115536
40.000000    10.000000  0.119029
40.000000    15.000000  0.121751
40.000000    20.000000  0.123669
40.000000    25.000000  0.124761
40.000000    30.000000  0.125003
40.000000    35.000000  0.124367
40.000000    40.000000  0.122922
40.000000    45.000000  0.125862
40.000000    50.000000  0.127860
40.000000    55.000000  0.128789
40.000000    60.000000  0.128754
40.000000    65.000000  0.127829
40.000000    70.000000  0.126077
40.000000    75.000000  0.123563
40.000000    80.000000  0.120360
40.000000    85.000000  0.116560
40.000000    90.000000  0.112289
40.000000    95.000000  0.107723
40.000000    100.000000  0.103089
40.000000    105.000000  0.098665
40.000000    110.000000  0.094717
40.000000    115.000000  0.091385
40.000000    120.000000  0.088561
40.000000    125.000000  0.085984
40.000000    130.000000  0.083542
40.000000    135.000000  0.110664
40.000000    140.000000  0.133593
40.000000    145.000000  0.152666
40.000000    150.000000  0.168663
40.000000    155.000000  0.182114
40.000000    160.000000  0.193416
40.000000    165.000000  0.202866
40.000000    170.000000  0.210700
40.000000    175.000000  0.217098
40.000000    180.000000  0.222193
45.000000    0.000000  0.101758
45.000000    5.000000  0.106438
45.000000    10.000000  0.110488
45.000000    15.000000  0.113842
45.000000    20.000000  0.116457
45.000000    25.000000  0.118302
45.000000    30.000000  0.119353
45.000000    35.000000  0.119589
45.000000    40.000000  0.118982
45.000000    45.000000  0.117598
45.000000    50.000000  0.120572
45.000000    55.000000  0.122659
45.000000    60.000000  0.123721
45.000000    65.000000  0.123860
45.000000    70.000000  0.123149
45.000000    75.000000  0.121651
45.000000    80.000000  0.119429
45.000000    85.000000  0.116560
45.000000    90.000000  0.113136
45.000000    95.000000  0.109281
45.000000    100.000000  0.105168
45.000000    105.000000  0.101019
45.000000    110.000000  0.097098
45.000000    115.000000  0.093653
45.000000    120.000000  0.090802
45.000000    125.000000  0.088416
45.000000    130.000000  0.086226
45.000000    135.000000  0.084118
45.000000    140.000000  0.111051
45.000000    145.000000  0.133536
45.000000    150.000000  0.152024
45.000000    155.000000  0.167367
45.000000    160.000000  0.180140
45.000000    165.000000  0.190767
45.000000    170.000000  0.199563
45.000000    175.000000  0.206769
45.000000    180.000000  0.212567
50.000000    0.000000  0.091572
50.000000    5.000000  0.096541
50.000000    10.000000  0.100998
50.000000    15.000000  0.104857
50.000000    20.000000  0.108055
50.000000    25.000000  0.110550
50.000000    30.000000  0.112312
50.000000    35.000000  0.113319
50.000000    40.000000  0.113551
50.000000    45.000000  0.112981
50.000000    50.000000  0.111671
50.000000    55.000000  0.114677
50.000000    60.000000  0.116855
50.000000    65.000000  0.118059
50.000000    70.000000  0.118385
50.000000    75.000000  0.117907
50.000000    80.000000  0.116686
50.000000    85.000000  0.114788
50.000000    90.000000  0.112289
50.000000    95.000000  0.109281
50.000000    100.000000  0.105887
50.000000    105.000000  0.102273
50.000000    110.000000  0.098654
50.000000    115.000000  0.095277
50.000000    120.000000  0.092368
50.000000    125.000000  0.090017
50.000000    130.000000  0.088072
50.000000    135.000000  0.086258
50.000000    140.000000  0.084463
50.000000    145.000000  0.111154
50.000000    150.000000  0.133077
50.000000    155.000000  0.150841
50.000000    160.000000  0.165386
50.000000    165.000000  0.177343
50.000000    170.000000  0.187166
50.000000    175.000000  0.195188
50.000000    180.000000  0.201658
55.000000    0.000000  0.081147
55.000000    5.000000  0.086220
55.000000    10.000000  0.090925
55.000000    15.000000  0.095143
55.000000    20.000000  0.098794
55.000000    25.000000  0.101823
55.000000    30.000000  0.104188
55.000000    35.000000  0.105863
55.000000    40.000000  0.106826
55.000000    45.000000  0.107059
55.000000    50.000000  0.106536
55.000000    55.000000  0.105313
55.000000    60.000000  0.108353
55.000000    65.000000  0.110626
55.000000    70.000000  0.111979
55.000000    75.000000  0.112506
55.000000    80.000000  0.112280
55.000000    85.000000  0.111362
55.000000    90.000000  0.109818
55.000000    95.000000  0.107723
55.000000    100.000000  0.105168
55.000000    105.000000  0.102273
55.000000    110.000000  0.099199
55.000000    115.000000  0.096144
55.000000    120.000000  0.093338
55.000000    125.000000  0.090979
55.000000    130.000000  0.089124
55.000000    135.000000  0.087597
55.000000    140.000000  0.086120
55.000000    145.000000  0.084589
55.000000    150.000000  0.110963
55.000000    155.000000  0.132171
55.000000    160.000000  0.149032
55.000000    165.000000  0.162603
55.000000    170.000000  0.173578
55.000000    175.000000  0.182448
55.000000    180.000000  0.189563
60.000000    0.000000  0.070845
60.000000    5.000000  0.075862
60.000000    10.000000  0.080658
60.000000    15.000000  0.085094
60.000000    20.000000  0.089066
60.000000    25.000000  0.092505
60.000000    30.000000  0.095359
60.000000    35.000000  0.097592
60.000000    40.000000  0.099179
60.000000    45.000000  0.100103
60.000000    50.000000  0.100345
60.000000    55.000000  0.099883
60.000000    60.000000  0.098765
60.000000    65.000000  0.101840
60.000000    70.000000  0.104212
60.000000    75.000000  0.105722
60.000000    80.000000  0.106464
60.000000    85.000000  0.106508
60.000000    90.000000  0.105915
60.000000    95.000000  0.104751
60.000000    100.000000  0.103089
60.000000    105.000000  0.101019
60.000000    110.000000  0.098654
60.000000    115.000000  0.096144
60.000000    120.000000  0.093674
60.000000    125.000000  0.091445
60.000000    130.000000  0.089621
60.000000    135.000000  0.088224
60.000000    140.000000  0.087057
60.000000    145.000000  0.085845
60.000000    150.000000  0.084501
60.000000    155.000000  0.110453
60.000000    160.000000  0.130736
60.000000    165.000000  0.146462
60.000000    170.000000  0.158838
60.000000    175.000000  0.168635
60.000000    180.000000  0.176378
65.000000    0.000000  0.060866
65.000000    5.000000  0.065764
65.000000    10.000000  0.070550
65.000000    15.000000  0.075091
65.000000    20.000000  0.079274
65.000000    25.000000  0.083011
65.000000    30.000000  0.086243
65.000000    35.000000  0.088928
65.000000    40.000000  0.091035
65.000000    45.000000  0.092543
65.000000    50.000000  0.093438
65.000000    55.000000  0.093704
65.000000    60.000000  0.093322
65.000000    65.000000  0.092331
65.000000    70.000000  0.095442
65.000000    75.000000  0.097916
65.000000    80.000000  0.099591
65.000000    85.000000  0.100559
65.000000    90.000000  0.100887
65.000000    95.000000  0.100637
65.000000    100.000000  0.099872
65.000000    105.000000  0.098665
65.000000    110.000000  0.097098
65.000000    115.000000  0.095277
65.000000    120.000000  0.093338
65.000000    125.000000  0.091445
65.000000    130.000000  0.089766
65.000000    135.000000  0.088428
65.000000    140.000000  0.087412
65.000000    145.000000  0.086507
65.000000    150.000000  0.085456
65.000000    155.000000  0.084202
65.000000    160.000000  0.109569
65.000000    165.000000  0.128629
65.000000    170.000000  0.142912
65.000000    175.000000  0.153817
65.000000    180.000000  0.162198
70.000000    0.000000  0.051053
70.000000    5.000000  0.055957
70.000000    10.000000  0.060757
70.000000    15.000000  0.065375
70.000000    20.000000  0.069713
70.000000    25.000000  0.073682
70.000000    30.000000  0.077213
70.000000    35.000000  0.080263
70.000000    40.000000  0.082799
70.000000    45.000000  0.084799
70.000000    50.000000  0.086247
70.000000    55.000000  0.087132
70.000000    60.000000  0.087443
70.000000    65.000000  0.087166
70.000000    70.000000  0.086329
70.000000    75.000000  0.089476
70.000000    80.000000  0.092055
70.000000    85.000000  0.093900
70.000000    90.000000  0.095100
70.000000    95.000000  0.095721
70.000000    100.000000  0.095822
70.000000    105.000000  0.095465
70.000000    110.000000  0.094717
70.000000    115.000000  0.093653
70.000000    120.000000  0.092368
70.000000    125.000000  0.090979
70.000000    130.000000  0.089621
70.000000    135.000000  0.088428
70.000000    140.000000  0.087480
70.000000    145.000000  0.086727
70.000000    150.000000  0.085956
70.000000    155.000000  0.084947
70.000000    160.000000  0.083686
70.000000    165.000000  0.108207
70.000000    170.000000  0.125600
70.000000    175.000000  0.138019
70.000000    180.000000  0.147103
75.000000    0.000000  0.040837
75.000000    5.000000  0.046040
75.000000    10.000000  0.051044
75.000000    15.000000  0.055846
75.000000    20.000000  0.060387
75.000000    25.000000  0.064596
75.000000    30.000000  0.068413
75.000000    35.000000  0.071790
75.000000    40.000000  0.074701
75.000000    45.000000  0.077126
75.000000    50.000000  0.079052
75.000000    55.000000  0.080471
75.000000    60.000000  0.081376
75.000000    65.000000  0.081763
75.000000    70.000000  0.081621
75.000000    75.000000  0.080969
75.000000    80.000000  0.084152
75.000000    85.000000  0.086835
75.000000    90.000000  0.088850
75.000000    95.000000  0.090281
75.000000    100.000000  0.091194
75.000000    105.000000  0.091644
75.000000    110.000000  0.091687
75.000000    115.000000  0.091385
75.000000    120.000000  0.090802
75.000000    125.000000  0.090017
75.000000    130.000000  0.089124
75.000000    135.000000  0.088224
75.000000    140.000000  0.087412
75.000000    145.000000  0.086727
75.000000    150.000000  0.086096
75.000000    155.000000  0.085331
75.000000    160.000000  0.084269
75.000000    165.000000  0.082943
75.000000    170.000000  0.106147
75.000000    175.000000  0.121177
75.000000    180.000000  0.131151
80.000000    0.000000  0.029747
80.000000    5.000000  0.035395
80.000000    10.000000  0.040821
80.000000    15.000000  0.045998
80.000000    20.000000  0.050890
80.000000    25.000000  0.055443
80.000000    30.000000  0.059607
80.000000    35.000000  0.063346
80.000000    40.000000  0.066633
80.000000    45.000000  0.069462
80.000000    50.000000  0.071825
80.000000    55.000000  0.073722
80.000000    60.000000  0.075151
80.000000    65.000000  0.076115
80.000000    70.000000  0.076613
80.000000    75.000000  0.076641
80.000000    80.000000  0.076210
80.000000    85.000000  0.079428
80.000000    90.000000  0.082212
80.000000    95.000000  0.084391
80.000000    100.000000  0.086047
80.000000    105.000000  0.087241
80.000000    110.000000  0.088025
80.000000    115.000000  0.088448
80.000000    120.000000  0.088561
80.000000    125.000000  0.088416
80.000000    130.000000  0.088072
80.000000    135.000000  0.087597
80.000000    140.000000  0.087057
80.000000    145.000000  0.086507
80.000000    150.000000  0.085956
80.000000    155.000000  0.085331
80.000000    160.000000  0.084495
80.000000    165.000000  0.083350
80.000000    170.000000  0.081957
80.000000    175.000000  0.102865
80.000000    180.000000  0.114372
85.000000    0.000000  0.017901
85.000000    5.000000  0.023887
85.000000    10.000000  0.029704
85.000000    15.000000  0.035330
85.000000    20.000000  0.040695
85.000000    25.000000  0.045723
85.000000    30.000000  0.050349
85.000000    35.000000  0.054533
85.000000    40.000000  0.058257
85.000000    45.000000  0.061516
85.000000    50.000000  0.064317
85.000000    55.000000  0.066669
85.000000    60.000000  0.068582
85.000000    65.000000  0.070065
85.000000    70.000000  0.071126
85.000000    75.000000  0.071774
85.000000    80.000000  0.072008
85.000000    85.000000  0.071832
85.000000    90.000000  0.075084
85.000000    95.000000  0.077964
85.000000    100.000000  0.080299
85.000000    105.000000  0.082168
85.000000    110.000000  0.083627
85.000000    115.000000  0.084723
85.000000    120.000000  0.085495
85.000000    125.000000  0.085984
85.000000    130.000000  0.086226
85.000000    135.000000  0.086258
85.000000    140.000000  0.086120
85.000000    145.000000  0.085845
85.000000    150.000000  0.085456
85.000000    155.000000  0.084947
85.000000    160.000000  0.084269
85.000000    165.000000  0.083350
85.000000    170.000000  0.082137
85.000000    175.000000  0.080698
85.000000    180.000000  0.096673
90.000000    0.000000  0.005767
90.000000    5.000000  0.011855
90.000000    10.000000  0.017926
90.000000    15.000000  0.023868
90.000000    20.000000  0.029658
90.000000    25.000000  0.035196
90.000000    30.000000  0.040368
90.000000    35.000000  0.045097
90.000000    40.000000  0.049343
90.000000    45.000000  0.053099
90.000000    50.000000  0.056375
90.000000    55.000000  0.059195
90.000000    60.000000  0.061580
90.000000    65.000000  0.063550
90.000000    70.000000  0.065125
90.000000    75.000000  0.066320
90.000000    80.000000  0.067149
90.000000    85.000000  0.067620
90.000000    90.000000  0.067727
90.000000    95.000000  0.071010
90.000000    100.000000  0.073984
90.000000    105.000000  0.076469
90.000000    110.000000  0.078540
90.000000    115.000000  0.080247
90.000000    120.000000  0.081629
90.000000    125.000000  0.082718
90.000000    130.000000  0.083542
90.000000    135.000000  0.084118
90.000000    140.000000  0.084463
90.000000    145.000000  0.084589
90.000000    150.000000  0.084501
90.000000    155.000000  0.084202
90.000000    160.000000  0.083686
90.000000    165.000000  0.082943
90.000000    170.000000  0.081957
90.000000    175.000000  0.080698
90.000000    180.000000  0.079235
95.000000    0.000000  0.017901
95.000000    5.000000  0.011855
95.000000    10.000000  0.029413
95.000000    15.000000  0.039570
95.000000    20.000000  0.047510
95.000000    25.000000  0.054474
95.000000    30.000000  0.060776
95.000000    35.000000  0.066480
95.000000    40.000000  0.071594
95.000000    45.000000  0.076129
95.000000    50.000000  0.080107
95.000000    55.000000  0.083556
95.000000    60.000000  0.086510
95.000000    65.000000  0.089000
95.000000    70.000000  0.091053
95.000000    75.000000  0.092690
95.000000    80.000000  0.093931
95.000000    85.000000  0.094791
95.000000    90.000000  0.095278
95.000000    95.000000  0.095391
95.000000    100.000000  0.098667
95.000000    105.000000  0.101620
95.000000    110.000000  0.104069
95.000000    115.000000  0.106087
95.000000    120.000000  0.107725
95.000000    125.000000  0.109016
95.000000    130.000000  0.109989
95.000000    135.000000  0.110664
95.000000    140.000000  0.111051
95.000000    145.000000  0.111154
95.000000    150.000000  0.110963
95.000000    155.000000  0.110453
95.000000    160.000000  0.109569
95.000000    165.000000  0.108207
95.000000    170.000000  0.106147
95.000000    175.000000  0.102865
95.000000    180.000000  0.096673
100.000000    0.000000  0.029747
100.000000    5.000000  0.023887
100.000000    10.000000  0.017926
100.000000    15.000000  0.039570
100.000000    20.000000  0.053642
100.000000    25.000000  0.064271
100.000000    30.000000  0.073110
100.000000    35.000000  0.080767
100.000000    40.000000  0.087479
100.000000    45.000000  0.093362
100.000000    50.000000  0.098494
100.000000    55.000000  0.102941
100.000000    60.000000  0.106762
100.000000    65.000000  0.110011
100.000000    70.000000  0.112735
100.000000    75.000000  0.114968
100.000000    80.000000  0.116742
100.000000    85.000000  0.118081
100.000000    90.000000  0.119004
100.000000    95.000000  0.119523
100.000000    100.000000  0.119636
100.000000    105.000000  0.122895
100.000000    110.000000  0.125796
100.000000    115.000000  0.128156
100.000000    120.000000  0.130047
100.000000    125.000000  0.131512
100.000000    130.000000  0.132581
100.000000    135.000000  0.133272
100.000000    140.000000  0.133593
100.000000    145.000000  0.133536
100.000000    150.000000  0.133077
100.000000    155.000000  0.132171
100.000000    160.000000  0.130736
100.000000    165.000000  0.128629
100.000000    170.000000  0.125600
100.000000    175.000000  0.121177
100.000000    180.000000  0.114372
105.000000    0.000000  0.040837
105.000000    5.000000  0.035395
105.000000    10.000000  0.029704
105.000000    15.000000  0.023868
105.000000    20.000000  0.047510
105.000000    25.000000  0.064271
105.000000    30.000000  0.077146
105.000000    35.000000  0.087750
105.000000    40.000000  0.096784
105.000000    45.000000  0.104579
105.000000    50.000000  0.111322
105.000000    55.000000  0.117142
105.000000    60.000000  0.122142
105.000000    65.000000  0.126408
105.000000    70.000000  0.130014
105.000000    75.000000  0.133020
105.000000    80.000000  0.135473
105.000000    85.000000  0.137411
105.000000    90.000000  0.138864
105.000000    95.000000  0.139854
105.000000    100.000000  0.140398
105.000000    105.000000  0.140497
105.000000    110.000000  0.143732
105.000000    115.000000  0.146560
105.000000    120.000000  0.148797
105.000000    125.000000  0.150511
105.000000    130.000000  0.151741
105.000000    135.000000  0.152507
105.000000    140.000000  0.152818
105.000000    145.000000  0.152666
105.000000    150.000000  0.152024
105.000000    155.000000  0.150841
105.000000    160.000000  0.149032
105.000000    165.000000  0.146462
105.000000    170.000000  0.142912
105.000000    175.000000  0.138019
105.000000    180.000000  0.131151
110.000000    0.000000  0.051053
110.000000    5.000000  0.046040
110.000000    10.000000  0.040821
110.000000    15.000000  0.035330
110.000000    20.000000  0.029658
110.000000    25.000000  0.054474
110.000000    30.000000  0.073110
110.000000    35.000000  0.087750
110.000000    40.000000  0.099853
110.000000    45.000000  0.110124
110.000000    50.000000  0.118932
110.000000    55.000000  0.126504
110.000000    60.000000  0.133002
110.000000    65.000000  0.138557
110.000000    70.000000  0.143274
110.000000    75.000000  0.147245
110.000000    80.000000  0.150541
110.000000    85.000000  0.153218
110.000000    90.000000  0.155321
110.000000    95.000000  0.156884
110.000000    100.000000  0.157932
110.000000    105.000000  0.158484
110.000000    110.000000  0.158551
110.000000    115.000000  0.161756
110.000000    120.000000  0.164498
110.000000    125.000000  0.166592
110.000000    130.000000  0.168099
110.000000    135.000000  0.169055
110.000000    140.000000  0.169473
110.000000    145.000000  0.169349
110.000000    150.000000  0.168663
110.000000    155.000000  0.167367
110.000000    160.000000  0.165386
110.000000    165.000000  0.162603
110.000000    170.000000  0.158838
110.000000    175.000000  0.153817
110.000000    180.000000  0.147103
115.000000    0.000000  0.060866
115.000000    5.000000  0.055957
115.000000    10.000000  0.051044
115.000000    15.000000  0.045998
115.000000    20.000000  0.040695
115.000000    25.000000  0.035196
115.000000    30.000000  0.060776
115.000000    35.000000  0.080767
115.000000    40.000000  0.096784
115.000000    45.000000  0.110124
115.000000    50.000000  0.121458
115.000000    55.000000  0.131164
115.000000    60.000000  0.139488
115.000000    65.000000  0.146614
115.000000    70.000000  0.152689
115.000000    75.000000  0.157835
115.000000    80.000000  0.162154
115.000000    85.000000  0.165727
115.000000    90.000000  0.168616
115.000000    95.000000  0.170873
115.000000    100.000000  0.172535
115.000000    105.000000  0.173629
115.000000    110.000000  0.174174
115.000000    115.000000  0.174191
115.000000    120.000000  0.177366
115.000000    125.000000  0.180015
115.000000    130.000000  0.181952
115.000000    135.000000  0.183237
115.000000    140.000000  0.183899
115.000000    145.000000  0.183945
115.000000    150.000000  0.183362
115.000000    155.000000  0.182114
115.000000    160.000000  0.180140
115.000000    165.000000  0.177343
115.000000    170.000000  0.173578
115.000000    175.000000  0.168635
115.000000    180.000000  0.162198
120.000000    0.000000  0.070845
120.000000    5.000000  0.065764
120.000000    10.000000  0.060757
120.000000    15.000000  0.055846
120.000000    20.000000  0.050890
120.000000    25.000000  0.045723
120.000000    30.000000  0.040368
120.000000    35.000000  0.066480
120.000000    40.000000  0.087479
120.000000    45.000000  0.104579
120.000000    50.000000  0.118932
120.000000    55.000000  0.131164
120.000000    60.000000  0.141647
120.000000    65.000000  0.150636
120.000000    70.000000  0.158324
120.000000    75.000000  0.164872
120.000000    80.000000  0.170409
120.000000    85.000000  0.175048
120.000000    90.000000  0.178876
120.000000    95.000000  0.181960
120.000000    100.000000  0.184356
120.000000    105.000000  0.186103
120.000000    110.000000  0.187231
120.000000    115.000000  0.187759
120.000000    120.000000  0.187718
120.000000    125.000000  0.190860
120.000000    130.000000  0.193412
120.000000    135.000000  0.195187
120.000000    140.000000  0.196244
120.000000    145.000000  0.196606
120.000000    150.000000  0.196274
120.000000    155.000000  0.195226
120.000000    160.000000  0.193416
120.000000    165.000000  0.190767
120.000000    170.000000  0.187166
120.000000    175.000000  0.182448
120.000000    180.000000  0.176378
125.000000    0.000000  0.081147
125.000000    5.000000  0.075862
125.000000    10.000000  0.070550
125.000000    15.000000  0.065375
125.000000    20.000000  0.060387
125.000000    25.000000  0.055443
125.000000    30.000000  0.050349
125.000000    35.000000  0.045097
125.000000    40.000000  0.071594
125.000000    45.000000  0.093362
125.000000    50.000000  0.111322
125.000000    55.000000  0.126504
125.000000    60.000000  0.139488
125.000000    65.000000  0.150636
125.000000    70.000000  0.160201
125.000000    75.000000  0.168384
125.000000    80.000000  0.175351
125.000000    85.000000  0.181238
125.000000    90.000000  0.186164
125.000000    95.000000  0.190221
125.000000    100.000000  0.193480
125.000000    105.000000  0.195998
125.000000    110.000000  0.197819
125.000000    115.000000  0.198972
125.000000    120.000000  0.199475
125.000000    125.000000  0.199372
125.000000    130.000000  0.202480
125.000000    135.000000  0.204934
125.000000    140.000000  0.206547
125.000000    145.000000  0.207375
125.000000    150.000000  0.207439
125.000000    155.000000  0.206732
125.000000    160.000000  0.205227
125.000000    165.000000  0.202866
125.000000    170.000000  0.199563
125.000000    175.000000  0.195188
125.000000    180.000000  0.189563
130.000000    0.000000  0.091572
130.000000    5.000000  0.086220
130.000000    10.000000  0.080658
130.000000    15.000000  0.075091
130.000000    20.000000  0.069713
130.000000    25.000000  0.064596
130.000000    30.000000  0.059607
130.000000    35.000000  0.054533
130.000000    40.000000  0.049343
130.000000    45.000000  0.076129
130.000000    50.000000  0.098494
130.000000    55.000000  0.117142
130.000000    60.000000  0.133002
130.000000    65.000000  0.146614
130.000000    70.000000  0.158324
130.000000    75.000000  0.168384
130.000000    80.000000  0.176995
130.000000    85.000000  0.184328
130.000000    90.000000  0.190523
130.000000    95.000000  0.195701
130.000000    100.000000  0.199959
130.000000    105.000000  0.203371
130.000000    110.000000  0.205995
130.000000    115.000000  0.207878
130.000000    120.000000  0.209049
130.000000    125.000000  0.209524
130.000000    130.000000  0.209359
130.000000    135.000000  0.212434
130.000000    140.000000  0.214790
130.000000    145.000000  0.216241
130.000000    150.000000  0.216843
130.000000    155.000000  0.216613
130.000000    160.000000  0.215541
130.000000    165.000000  0.213591
130.000000    170.000000  0.210700
130.000000    175.000000  0.206769
130.000000    180.000000  0.201658
135.000000    0.000000  0.101758
135.000000    5.000000  0.096541
135.000000    10.000000  0.090925
135.000000    15.000000  0.085094
135.000000    20.000000  0.079274
135.000000    25.000000  0.073682
135.000000    30.000000  0.068413
135.000000    35.000000  0.063346
135.000000    40.000000  0.058257
135.000000    45.000000  0.053099
135.000000    50.000000  0.080107
135.000000    55.000000  0.102941
135.000000    60.000000  0.122142
135.000000    65.000000  0.138557
135.000000    70.000000  0.152689
135.000000    75.000000  0.164872
135.000000    80.000000  0.175351
135.000000    85.000000  0.184328
135.000000    90.000000  0.191974
135.000000    95.000000  0.198434
135.000000    100.000000  0.203831
135.000000    105.000000  0.208262
135.000000    110.000000  0.211805
135.000000    115.000000  0.214521
135.000000    120.000000  0.216454
135.000000    125.000000  0.217636
135.000000    130.000000  0.218084
135.000000    135.000000  0.217858
135.000000    140.000000  0.220899
135.000000    145.000000  0.223156
135.000000    150.000000  0.224446
135.000000    155.000000  0.224825
135.000000    160.000000  0.224307
135.000000    165.000000  0.222879
135.000000    170.000000  0.220500
135.000000    175.000000  0.217098
135.000000    180.000000  0.212567
140.000000    0.000000  0.111317
140.000000    5.000000  0.106438
140.000000    10.000000  0.100998
140.000000    15.000000  0.095143
140.000000    20.000000  0.089066
140.000000    25.000000  0.083011
140.000000    30.000000  0.077213
140.000000    35.000000  0.071790
140.000000    40.000000  0.066633
140.000000    45.000000  0.061516
140.000000    50.000000  0.056375
140.000000    55.000000  0.083556
140.000000    60.000000  0.106762
140.000000    65.000000  0.126408
140.000000    70.000000  0.143274
140.000000    75.000000  0.157835
140.000000    80.000000  0.170409
140.000000    85.000000  0.181238
140.000000    90.000000  0.190523
140.000000    95.000000  0.198434
140.000000    100.000000  0.205118
140.000000    105.000000  0.210699
140.000000    110.000000  0.215277
140.000000    115.000000  0.218930
140.000000    120.000000  0.221721
140.000000    125.000000  0.223696
140.000000    130.000000  0.224884
140.000000    135.000000  0.225303
140.000000    140.000000  0.225021
140.000000    145.000000  0.228026
140.000000    150.000000  0.230182
140.000000    155.000000  0.231310
140.000000    160.000000  0.231465
140.000000    165.000000  0.230662
140.000000    170.000000  0.228885
140.000000    175.000000  0.226088
140.000000    180.000000  0.222193
145.000000    0.000000  0.119900
145.000000    5.000000  0.115536
145.000000    10.000000  0.110488
145.000000    15.000000  0.104857
145.000000    20.000000  0.098794
145.000000    25.000000  0.092505
145.000000    30.000000  0.086243
145.000000    35.000000  0.080263
145.000000    40.000000  0.074701
145.000000    45.000000  0.069462
145.000000    50.000000  0.064317
145.000000    55.000000  0.059195
145.000000    60.000000  0.086510
145.000000    65.000000  0.110011
145.000000    70.000000  0.130014
145.000000    75.000000  0.147245
145.000000    80.000000  0.162154
145.000000    85.000000  0.175048
145.000000    90.000000  0.186164
145.000000    95.000000  0.195701
145.000000    100.000000  0.203831
145.000000    105.000000  0.210699
145.000000    110.000000  0.216431
145.000000    115.000000  0.221130
145.000000    120.000000  0.224873
145.000000    125.000000  0.227724
145.000000    130.000000  0.229730
145.000000    135.000000  0.230921
145.000000    140.000000  0.231312
145.000000    145.000000  0.230976
145.000000    150.000000  0.233943
145.000000    155.000000  0.235992
145.000000    160.000000  0.236950
145.000000    165.000000  0.236877
145.000000    170.000000  0.235787
145.000000    175.000000  0.233662
145.000000    180.000000  0.230453
150.000000    0.000000  0.127221
150.000000    5.000000  0.123512
150.000000    10.000000  0.119029
150.000000    15.000000  0.113842
150.000000    20.000000  0.108055
150.000000    25.000000  0.101823
150.000000    30.000000  0.095359
150.000000    35.000000  0.088928
150.000000    40.000000  0.082799
150.000000    45.000000  0.077126
150.000000    50.000000  0.071825
150.000000    55.000000  0.066669
150.000000    60.000000  0.061580
150.000000    65.000000  0.089000
150.000000    70.000000  0.112735
150.000000    75.000000  0.133020
150.000000    80.000000  0.150541
150.000000    85.000000  0.165727
150.000000    90.000000  0.178876
150.000000    95.000000  0.190221
150.000000    100.000000  0.199959
150.000000    105.000000  0.208262
150.000000    110.000000  0.215277
150.000000    115.000000  0.221130
150.000000    120.000000  0.225923
150.000000    125.000000  0.229737
150.000000    130.000000  0.232633
150.000000    135.000000  0.234661
150.000000    140.000000  0.235849
150.000000    145.000000  0.236213
150.000000    150.000000  0.235831
150.000000    155.000000  0.238753
150.000000    160.000000  0.240683
150.000000    165.000000  0.241458
150.000000    170.000000  0.241143
150.000000    175.000000  0.239754
150.000000    180.000000  0.237274
155.000000    0.000000  0.133055
155.000000    5.000000  0.130109
155.000000    10.000000  0.126325
155.000000    15.000000  0.121751
155.000000    20.000000  0.116457
155.000000    25.000000  0.110550
155.000000    30.000000  0.104188
155.000000    35.000000  0.097592
155.000000    40.000000  0.091035
155.000000    45.000000  0.084799
155.000000    50.000000  0.079052
155.000000    55.000000  0.073722
155.000000    60.000000  0.068582
155.000000    65.000000  0.063550
155.000000    70.000000  0.091053
155.000000    75.000000  0.114968
155.000000    80.000000  0.135473
155.000000    85.000000  0.153218
155.000000    90.000000  0.168616
155.000000    95.000000  0.181960
155.000000    100.000000  0.193480
155.000000    105.000000  0.203371
155.000000    110.000000  0.211805
155.000000    115.000000  0.218930
155.000000    120.000000  0.224873
155.000000    125.000000  0.229737
155.000000    130.000000  0.233601
155.000000    135.000000  0.236529
155.000000    140.000000  0.238569
155.000000    145.000000  0.239751
155.000000    150.000000  0.240091
155.000000    155.000000  0.239668
155.000000    160.000000  0.242537
155.000000    165.000000  0.244325
155.000000    170.000000  0.244891
155.000000    175.000000  0.244306
155.000000    180.000000  0.242596
160.000000    0.000000  0.137232
160.000000    5.000000  0.135130
160.000000    10.000000  0.132144
160.000000    15.000000  0.128307
160.000000    20.000000  0.123669
160.000000    25.000000  0.118302
160.000000    30.000000  0.112312
160.000000    35.000000  0.105863
160.000000    40.000000  0.099179
160.000000    45.000000  0.092543
160.000000    50.000000  0.086247
160.000000    55.000000  0.080471
160.000000    60.000000  0.075151
160.000000    65.000000  0.070065
160.000000    70.000000  0.065125
160.000000    75.000000  0.092690
160.000000    80.000000  0.116742
160.000000    85.000000  0.137411
160.000000    90.000000  0.155321
160.000000    95.000000  0.170873
160.000000    100.000000  0.184356
160.000000    105.000000  0.195998
160.000000    110.000000  0.205995
160.000000    115.000000  0.214521
160.000000    120.000000  0.221721
160.000000    125.000000  0.227724
160.000000    130.000000  0.232633
160.000000    135.000000  0.236529
160.000000    140.000000  0.239474
160.000000    145.000000  0.241519
160.000000    150.000000  0.242693
160.000000    155.000000  0.243010
160.000000    160.000000  0.242553
160.000000    165.000000  0.245350
160.000000    170.000000  0.246957
160.000000    175.000000  0.247265
160.000000    180.000000  0.246365
165.000000    0.000000  0.139620
165.000000    5.000000  0.138423
165.000000    10.000000  0.136308
165.000000    15.000000  0.133300
165.000000    20.000000  0.129434
165.000000    25.000000  0.124761
165.000000    30.000000  0.119353
165.000000    35.000000  0.113319
165.000000    40.000000  0.106826
165.000000    45.000000  0.100103
165.000000    50.000000  0.093438
165.000000    55.000000  0.087132
165.000000    60.000000  0.081376
165.000000    65.000000  0.076115
165.000000    70.000000  0.071126
165.000000    75.000000  0.066320
165.000000    80.000000  0.093931
165.000000    85.000000  0.118081
165.000000    90.000000  0.138864
165.000000    95.000000  0.156884
165.000000    100.000000  0.172535
165.000000    105.000000  0.186103
165.000000    110.000000  0.197819
165.000000    115.000000  0.207878
165.000000    120.000000  0.216454
165.000000    125.000000  0.223696
165.000000    130.000000  0.229730
165.000000    135.000000  0.234661
165.000000    140.000000  0.238569
165.000000    145.000000  0.241519
165.000000    150.000000  0.243560
165.000000    155.000000  0.244722
165.000000    160.000000  0.245019
165.000000    165.000000  0.244535
165.000000    170.000000  0.247223
165.000000    175.000000  0.248573
165.000000    180.000000  0.248537
170.000000    0.000000  0.140118
170.000000    5.000000  0.139873
170.000000    10.000000  0.138680
170.000000    15.000000  0.136564
170.000000    20.000000  0.133554
170.000000    25.000000  0.129683
170.000000    30.000000  0.125003
170.000000    35.000000  0.119589
170.000000    40.000000  0.113551
170.000000    45.000000  0.107059
170.000000    50.000000  0.100345
170.000000    55.000000  0.093704
170.000000    60.000000  0.087443
170.000000    65.000000  0.081763
170.000000    70.000000  0.076613
170.000000    75.000000  0.071774
170.000000    80.000000  0.067149
170.000000    85.000000  0.094791
170.000000    90.000000  0.119004
170.000000    95.000000  0.139854
170.000000    100.000000  0.157932
170.000000    105.000000  0.173629
170.000000    110.000000  0.187231
170.000000    115.000000  0.198972
170.000000    120.000000  0.209049
170.000000    125.000000  0.217636
170.000000    130.000000  0.224884
170.000000    135.000000  0.230921
170.000000    140.000000  0.235849
170.000000    145.000000  0.239751
170.000000    150.000000  0.242693
170.000000    155.000000  0.244722
170.000000    160.000000  0.245870
170.000000    165.000000  0.246148
170.000000    170.000000  0.245645
170.000000    175.000000  0.248135
170.000000    180.000000  0.249066
175.000000    0.000000  0.138631
175.000000    5.000000  0.139380
175.000000    10.000000  0.139148
175.000000    15.000000  0.137968
175.000000    20.000000  0.135867
175.000000    25.000000  0.132873
175.000000    30.000000  0.129022
175.000000    35.000000  0.124367
175.000000    40.000000  0.118982
175.000000    45.000000  0.112981
175.000000    50.000000  0.106536
175.000000    55.000000  0.099883
175.000000    60.000000  0.093322
175.000000    65.000000  0.087166
175.000000    70.000000  0.081621
175.000000    75.000000  0.076641
175.000000    80.000000  0.072008
175.000000    85.000000  0.067620
175.000000    90.000000  0.095278
175.000000    95.000000  0.119523
175.000000    100.000000  0.140398
175.000000    105.000000  0.158484
175.000000    110.000000  0.174174
175.000000    115.000000  0.187759
175.000000    120.000000  0.199475
175.000000    125.000000  0.209524
175.000000    130.000000  0.218084
175.000000    135.000000  0.225303
175.000000    140.000000  0.231312
175.000000    145.000000  0.236213
175.000000    150.000000  0.240091
175.000000    155.000000  0.243010
175.000000    160.000000  0.245019
175.000000    165.000000  0.246148
175.000000    170.000000  0.246410
175.000000    175.000000  0.245893
175.000000    180.000000  0.247904
180.000000    0.000000  0.135335
180.000000    5.000000  0.136986
180.000000    10.000000  0.137746
180.000000    15.000000  0.137529
180.000000    20.000000  0.136370
180.000000    25.000000  0.134297
180.000000    30.000000  0.131337
180.000000    35.000000  0.127527
180.000000    40.000000  0.122922
180.000000    45.000000  0.117598
180.000000    50.000000  0.111671
180.000000    55.000000  0.105313
180.000000    60.000000  0.098765
180.000000    65.000000  0.092331
180.000000    70.000000  0.086329
180.000000    75.000000  0.080969
180.000000    80.000000  0.076210
180.000000    85.000000  0.071832
180.000000    90.000000  0.067727
180.000000    95.000000  0.095391
180.000000    100.000000  0.119636
180.000000    105.000000  0.140497
180.000000    110.000000  0.158551
180.000000    115.000000  0.174191
180.000000    120.000000  0.187718
180.000000    125.000000  0.199372
180.000000    130.000000  0.209359
180.000000    135.000000  0.217858
180.000000    140.000000  0.225021
180.000000    145.000000  0.230976
180.000000    150.000000  0.235831
180.000000    155.000000  0.239668
180.000000    160.000000  0.242553
180.000000    165.000000  0.244535
180.000000    170.000000  0.245645
180.000000    175.000000  0.245893
180.000000    180.000000  0.245367
