0.000000    0.000000  0.367879
0.000000    5.000000  0.369349
0.000000    10.000000  0.369544
0.000000    15.000000  0.368387
0.000000    20.000000  0.365877
0.000000    25.000000  0.361978
0.000000    30.000000  0.356630
0.000000    35.000000  0.349750
0.000000    40.000000  0.341238
0.000000    45.000000  0.330974
0.000000    50.000000  0.318839
0.000000    55.000000  0.304758
0.000000    60.000000  0.288755
0.000000    65.000000  0.271084
0.000000    70.000000  0.252425
0.000000    75.000000  0.234039
0.000000    80.000000  0.217141
0.000000    85.000000  0.201501
0.000000    90.000000  0.186687
0.000000    95.000000  0.223841
0.000000    100.000000  0.256836
0.000000    105.000000  0.286103
0.000000    110.000000  0.312125
0.000000    115.000000  0.334868
0.000000    120.000000  0.354391
0.000000    125.000000  0.370952
0.000000    130.000000  0.384889
0.000000    135.000000  0.396534
0.000000    140.000000  0.406181
0.000000    145.000000  0.414078
0.000000    150.000000  0.420426
0.000000    155.000000  0.425379
0.000000    160.000000  0.429055
0.000000    165.000000  0.431539
0.000000    170.000000  0.432885
0.000000    175.000000  0.433113
0.000000    180.000000  0.432309
5.000000    0.000000  0.370816
5.000000    5.000000  0.369349
5.000000    10.000000  0.371102
5.000000    15.000000  0.371405
5.000000    20.000000  0.370306
5.000000    25.000000  0.367832
5.000000    30.000000  0.363960
5.000000    35.000000  0.358636
5.000000    40.000000  0.351778
5.000000    45.000000  0.343287
5.000000    50.000000  0.333045
5.000000    55.000000  0.320935
5.000000    60.000000  0.306880
5.000000    65.000000  0.290908
5.000000    70.000000  0.273273
5.000000    75.000000  0.254654
5.000000    80.000000  0.236315
5.000000    85.000000  0.219466
5.000000    90.000000  0.203880
5.000000    95.000000  0.189121
5.000000    100.000000  0.226268
5.000000    105.000000  0.259246
5.000000    110.000000  0.288489
5.000000    115.000000  0.314479
5.000000    120.000000  0.337189
5.000000    125.000000  0.356680
5.000000    130.000000  0.373211
5.000000    135.000000  0.387119
5.000000    140.000000  0.398738
5.000000    145.000000  0.408359
5.000000    150.000000  0.416232
5.000000    155.000000  0.422554
5.000000    160.000000  0.427478
5.000000    165.000000  0.431118
5.000000    170.000000  0.433548
5.000000    175.000000  0.434796
5.000000    180.000000  0.434769
10.000000    0.000000  0.371190
10.000000    5.000000  0.371005
10.000000    10.000000  0.369544
10.000000    15.000000  0.371405
10.000000    20.000000  0.371825
10.000000    25.000000  0.370810
10.000000    30.000000  0.368402
10.000000    35.000000  0.364587
10.000000    40.000000  0.359316
10.000000    45.000000  0.352512
10.000000    50.000000  0.344078
10.000000    55.000000  0.333898
10.000000    60.000000  0.321856
10.000000    65.000000  0.307880
10.000000    70.000000  0.291999
10.000000    75.000000  0.274469
10.000000    80.000000  0.255971
10.000000    85.000000  0.237769
10.000000    90.000000  0.221070
10.000000    95.000000  0.205641
10.000000    100.000000  0.191047
10.000000    105.000000  0.228175
10.000000    110.000000  0.261101
10.000000    115.000000  0.290268
10.000000    120.000000  0.316166
10.000000    125.000000  0.338776
10.000000    130.000000  0.358170
10.000000    135.000000  0.374609
10.000000    140.000000  0.388432
10.000000    145.000000  0.399972
10.000000    150.000000  0.409519
10.000000    155.000000  0.417319
10.000000    160.000000  0.423567
10.000000    165.000000  0.428409
10.000000    170.000000  0.431949
10.000000    175.000000  0.434238
10.000000    180.000000  0.435247
15.000000    0.000000  0.368855
15.000000    5.000000  0.370022
15.000000    10.000000  0.369842
15.000000    15.000000  0.368387
15.000000    20.000000  0.370306
15.000000    25.000000  0.370810
15.000000    30.000000  0.369872
15.000000    35.000000  0.367537
15.000000    40.000000  0.363795
15.000000    45.000000  0.358598
15.000000    50.000000  0.351873
15.000000    55.000000  0.343526
15.000000    60.000000  0.333444
15.000000    65.000000  0.321514
15.000000    70.000000  0.307667
15.000000    75.000000  0.291936
15.000000    80.000000  0.274581
15.000000    85.000000  0.256285
15.000000    90.000000  0.238312
15.000000    95.000000  0.221865
15.000000    100.000000  0.206700
15.000000    105.000000  0.192379
15.000000    110.000000  0.229473
15.000000    115.000000  0.262311
15.000000    120.000000  0.291349
15.000000    125.000000  0.317089
15.000000    130.000000  0.339532
15.000000    135.000000  0.358761
15.000000    140.000000  0.375045
15.000000    145.000000  0.388725
15.000000    150.000000  0.400131
15.000000    155.000000  0.409554
15.000000    160.000000  0.417233
15.000000    165.000000  0.423359
15.000000    170.000000  0.428068
15.000000    175.000000  0.431449
15.000000    180.000000  0.433524
20.000000    0.000000  0.363831
20.000000    5.000000  0.366337
20.000000    10.000000  0.367499
20.000000    15.000000  0.367321
20.000000    20.000000  0.365877
20.000000    25.000000  0.367832
20.000000    30.000000  0.368402
20.000000    35.000000  0.367537
20.000000    40.000000  0.365281
20.000000    45.000000  0.361622
20.000000    50.000000  0.356517
20.000000    55.000000  0.349895
20.000000    60.000000  0.341664
20.000000    65.000000  0.331716
20.000000    70.000000  0.319941
20.000000    75.000000  0.306275
20.000000    80.000000  0.290755
20.000000    85.000000  0.273646
20.000000    90.000000  0.255637
20.000000    95.000000  0.237989
20.000000    100.000000  0.221897
20.000000    105.000000  0.207105
20.000000    110.000000  0.193170
20.000000    115.000000  0.230215
20.000000    120.000000  0.262925
20.000000    125.000000  0.291777
20.000000    130.000000  0.317289
20.000000    135.000000  0.339490
20.000000    140.000000  0.358482
20.000000    145.000000  0.374544
20.000000    150.000000  0.388017
20.000000    155.000000  0.399233
20.000000    160.000000  0.408477
20.000000    165.000000  0.415985
20.000000    170.000000  0.421938
20.000000    175.000000  0.426463
20.000000    180.000000  0.429629
25.000000    0.000000  0.356095
25.000000    5.000000  0.359947
25.000000    10.000000  0.362431
25.000000    15.000000  0.363584
25.000000    20.000000  0.363409
25.000000    25.000000  0.361978
25.000000    30.000000  0.363960
25.000000    35.000000  0.364587
25.000000    40.000000  0.363795
25.000000    45.000000  0.361622
25.000000    50.000000  0.358060
25.000000    55.000000  0.353065
25.000000    60.000000  0.346569
25.000000    65.000000  0.338486
25.000000    70.000000  0.328709
25.000000    75.000000  0.317134
25.000000    80.000000  0.303703
25.000000    85.000000  0.288459
25.000000    90.000000  0.271673
25.000000    95.000000  0.254040
25.000000    100.000000  0.236819
25.000000    105.000000  0.221191
25.000000    110.000000  0.206887
25.000000    115.000000  0.193451
25.000000    120.000000  0.230430
25.000000    125.000000  0.262968
25.000000    130.000000  0.291568
25.000000    135.000000  0.316776
25.000000    140.000000  0.338654
25.000000    145.000000  0.357329
25.000000    150.000000  0.373094
25.000000    155.000000  0.386294
25.000000    160.000000  0.397256
25.000000    165.000000  0.406263
25.000000    170.000000  0.413544
25.000000    175.000000  0.419270
25.000000    180.000000  0.423554
30.000000    0.000000  0.345603
30.000000    5.000000  0.350818
30.000000    10.000000  0.354623
30.000000    15.000000  0.357078
30.000000    20.000000  0.358217
30.000000    25.000000  0.358044
30.000000    30.000000  0.356630
30.000000    35.000000  0.358636
30.000000    40.000000  0.359316
30.000000    45.000000  0.358598
30.000000    50.000000  0.356517
30.000000    55.000000  0.353065
30.000000    60.000000  0.348200
30.000000    65.000000  0.341858
30.000000    70.000000  0.333955
30.000000    75.000000  0.324390
30.000000    80.000000  0.313064
30.000000    85.000000  0.299928
30.000000    90.000000  0.285030
30.000000    95.000000  0.268652
30.000000    100.000000  0.251491
30.000000    105.000000  0.234805
30.000000    110.000000  0.219759
30.000000    115.000000  0.206061
30.000000    120.000000  0.193242
30.000000    125.000000  0.230135
30.000000    130.000000  0.262449
30.000000    135.000000  0.290724
30.000000    140.000000  0.315540
30.000000    145.000000  0.337002
30.000000    150.000000  0.355273
30.000000    155.000000  0.370657
30.000000    160.000000  0.383505
30.000000    165.000000  0.394143
30.000000    170.000000  0.402846
30.000000    175.000000  0.409836
30.000000    180.000000  0.415273
35.000000    0.000000  0.332298
35.000000    5.000000  0.338898
35.000000    10.000000  0.344031
35.000000    15.000000  0.347777
35.000000    20.000000  0.350194
35.000000    25.000000  0.351315
35.000000    30.000000  0.351144
35.000000    35.000000  0.349750
35.000000    40.000000  0.351778
35.000000    45.000000  0.352512
35.000000    50.000000  0.351873
35.000000    55.000000  0.349895
35.000000    60.000000  0.346569
35.000000    65.000000  0.341858
35.000000    70.000000  0.335699
35.000000    75.000000  0.328014
35.000000    80.000000  0.318706
35.000000    85.000000  0.307686
35.000000    90.000000  0.294909
35.000000    95.000000  0.280436
35.000000    100.000000  0.264556
35.000000    105.000000  0.247974
35.000000    110.000000  0.231942
35.000000    115.000000  0.217602
35.000000    120.000000  0.204637
35.000000    125.000000  0.192557
35.000000    130.000000  0.229339
35.000000    135.000000  0.261366
35.000000    140.000000  0.289229
35.000000    145.000000  0.313550
35.000000    150.000000  0.334492
35.000000    155.000000  0.352254
35.000000    160.000000  0.367162
35.000000    165.000000  0.379569
35.000000    170.000000  0.389799
35.000000    175.000000  0.398121
35.000000    180.000000  0.404746
40.000000    0.000000  0.316132
40.000000    5.000000  0.324133
40.000000    10.000000  0.330602
40.000000    15.000000  0.335634
40.000000    20.000000  0.339307
40.000000    25.000000  0.341676
40.000000    30.000000  0.342774
40.000000    35.000000  0.342606
40.000000    40.000000  0.341238
40.000000    45.000000  0.343287
40.000000    50.000000  0.344078
40.000000    55.000000  0.343526
40.000000    60.000000  0.341664
40.000000    65.000000  0.338486
40.000000    70.000000  0.333955
40.000000    75.000000  0.328014
40.000000    80.000000  0.320588
40.000000    85.000000  0.311590
40.000000    90.000000  0.300937
40.000000    95.000000  0.288594
40.000000    100.000000  0.274634
40.000000    105.000000  0.259356
40.000000    110.000000  0.243471
40.000000    115.000000  0.228223
40.000000    120.000000  0.214725
40.000000    125.000000  0.202622
40.000000    130.000000  0.191405
40.000000    135.000000  0.228043
40.000000    140.000000  0.259706
40.000000    145.000000  0.287051
40.000000    150.000000  0.310756
40.000000    155.000000  0.331050
40.000000    160.000000  0.348183
40.000000    165.000000  0.362500
40.000000    170.000000  0.374362
40.000000    175.000000  0.384086
40.000000    180.000000  0.391935
45.000000    0.000000  0.297092
45.000000    5.000000  0.306490
45.000000    10.000000  0.314291
45.000000    15.000000  0.320601
45.000000    20.000000  0.325509
45.000000    25.000000  0.329091
45.000000    30.000000  0.331403
45.000000    35.000000  0.332474
45.000000    40.000000  0.332310
45.000000    45.000000  0.330974
45.000000    50.000000  0.333045
45.000000    55.000000  0.333898
45.000000    60.000000  0.333444
45.000000    65.000000  0.331716
45.000000    70.000000  0.328709
45.000000    75.000000  0.324390
45.000000    80.000000  0.318706
45.000000    85.000000  0.311590
45.000000    90.000000  0.302961
45.000000    95.000000  0.292746
45.000000    100.000000  0.280923
45.000000    105.000000  0.267576
45.000000    110.000000  0.253016
45.000000    115.000000  0.237960
45.000000    120.000000  0.223639
45.000000    125.000000  0.211126
45.000000    130.000000  0.200021
45.000000    135.000000  0.189786
45.000000    140.000000  0.226242
45.000000    145.000000  0.257443
45.000000    150.000000  0.284137
45.000000    155.000000  0.307076
45.000000    160.000000  0.326570
45.000000    165.000000  0.342927
45.000000    170.000000  0.356518
45.000000    175.000000  0.367706
45.000000    180.000000  0.376807
50.000000    0.000000  0.275236
50.000000    5.000000  0.285990
50.000000    10.000000  0.295097
50.000000    15.000000  0.302658
50.000000    20.000000  0.308775
50.000000    25.000000  0.313536
50.000000    30.000000  0.317011
50.000000    35.000000  0.319253
50.000000    40.000000  0.320293
50.000000    45.000000  0.320135
50.000000    50.000000  0.318839
50.000000    55.000000  0.320935
50.000000    60.000000  0.321856
50.000000    65.000000  0.321514
50.000000    70.000000  0.319941
50.000000    75.000000  0.317134
50.000000    80.000000  0.313064
50.000000    85.000000  0.307686
50.000000    90.000000  0.300937
50.000000    95.000000  0.292746
50.000000    100.000000  0.283052
50.000000    105.000000  0.271847
50.000000    110.000000  0.259227
50.000000    115.000000  0.245518
50.000000    120.000000  0.231438
50.000000    125.000000  0.218202
50.000000    130.000000  0.206825
50.000000    135.000000  0.196850
50.000000    140.000000  0.187703
50.000000    145.000000  0.223922
50.000000    150.000000  0.254531
50.000000    155.000000  0.280406
50.000000    160.000000  0.302391
50.000000    165.000000  0.320897
50.000000    170.000000  0.336299
50.000000    175.000000  0.348996
50.000000    180.000000  0.359356
55.000000    0.000000  0.250779
55.000000    5.000000  0.262770
55.000000    10.000000  0.273117
55.000000    15.000000  0.281880
55.000000    20.000000  0.289159
55.000000    25.000000  0.295050
55.000000    30.000000  0.299636
55.000000    35.000000  0.302985
55.000000    40.000000  0.305147
55.000000    45.000000  0.306152
55.000000    50.000000  0.306004
55.000000    55.000000  0.304758
55.000000    60.000000  0.306880
55.000000    65.000000  0.307880
55.000000    70.000000  0.307667
55.000000    75.000000  0.306275
55.000000    80.000000  0.303703
55.000000    85.000000  0.299928
55.000000    90.000000  0.294909
55.000000    95.000000  0.288594
55.000000    100.000000  0.280923
55.000000    105.000000  0.271847
55.000000    110.000000  0.261371
55.000000    115.000000  0.249610
55.000000    120.000000  0.236900
55.000000    125.000000  0.223960
55.000000    130.000000  0.211974
55.000000    135.000000  0.201882
55.000000    140.000000  0.193150
55.000000    145.000000  0.185163
55.000000    150.000000  0.221069
55.000000    155.000000  0.250913
55.000000    160.000000  0.275745
55.000000    165.000000  0.296534
55.000000    170.000000  0.313816
55.000000    175.000000  0.328039
55.000000    180.000000  0.339634
60.000000    0.000000  0.224173
60.000000    5.000000  0.237168
60.000000    10.000000  0.248615
60.000000    15.000000  0.258493
60.000000    20.000000  0.266861
60.000000    25.000000  0.273813
60.000000    30.000000  0.279441
60.000000    35.000000  0.283825
60.000000    40.000000  0.287029
60.000000    45.000000  0.289101
60.000000    50.000000  0.290069
60.000000    55.000000  0.289937
60.000000    60.000000  0.288755
60.000000    65.000000  0.290908
60.000000    70.000000  0.291999
60.000000    75.000000  0.291936
60.000000    80.000000  0.290755
60.000000    85.000000  0.288459
60.000000    90.000000  0.285030
60.000000    95.000000  0.280436
60.000000    100.000000  0.274634
60.000000    105.000000  0.267576
60.000000    110.000000  0.259227
60.000000    115.000000  0.249610
60.000000    120.000000  0.238855
60.000000    125.000000  0.227307
60.000000    130.000000  0.215679
60.000000    135.000000  0.205107
60.000000    140.000000  0.196426
60.000000    145.000000  0.189005
60.000000    150.000000  0.182185
60.000000    155.000000  0.217666
60.000000    160.000000  0.246497
60.000000    165.000000  0.269983
60.000000    170.000000  0.289263
60.000000    175.000000  0.305015
60.000000    180.000000  0.317777
65.000000    0.000000  0.196191
65.000000    5.000000  0.209824
65.000000    10.000000  0.222146
65.000000    15.000000  0.232990
65.000000    20.000000  0.242344
65.000000    25.000000  0.250266
65.000000    30.000000  0.256849
65.000000    35.000000  0.262181
65.000000    40.000000  0.266337
65.000000    45.000000  0.269379
65.000000    50.000000  0.271353
65.000000    55.000000  0.272286
65.000000    60.000000  0.272183
65.000000    65.000000  0.271084
65.000000    70.000000  0.273273
65.000000    75.000000  0.274469
65.000000    80.000000  0.274581
65.000000    85.000000  0.273646
65.000000    90.000000  0.271673
65.000000    95.000000  0.268652
65.000000    100.000000  0.264556
65.000000    105.000000  0.259356
65.000000    110.000000  0.253016
65.000000    115.000000  0.245518
65.000000    120.000000  0.236900
65.000000    125.000000  0.227307
65.000000    130.000000  0.217090
65.000000    135.000000  0.206940
65.000000    140.000000  0.197918
65.000000    145.000000  0.190714
65.000000    150.000000  0.184575
65.000000    155.000000  0.178801
65.000000    160.000000  0.213687
65.000000    165.000000  0.241141
65.000000    170.000000  0.262856
65.000000    175.000000  0.280202
65.000000    180.000000  0.294030
70.000000    0.000000  0.167806
70.000000    5.000000  0.181687
70.000000    10.000000  0.194622
70.000000    15.000000  0.206258
70.000000    20.000000  0.216469
70.000000    25.000000  0.225262
70.000000    30.000000  0.232704
70.000000    35.000000  0.238887
70.000000    40.000000  0.243898
70.000000    45.000000  0.247809
70.000000    50.000000  0.250681
70.000000    55.000000  0.252558
70.000000    60.000000  0.253465
70.000000    65.000000  0.253410
70.000000    70.000000  0.252425
70.000000    75.000000  0.254654
70.000000    80.000000  0.255971
70.000000    85.000000  0.256285
70.000000    90.000000  0.255637
70.000000    95.000000  0.254040
70.000000    100.000000  0.251491
70.000000    105.000000  0.247974
70.000000    110.000000  0.243471
70.000000    115.000000  0.237960
70.000000    120.000000  0.231438
70.000000    125.000000  0.223960
70.000000    130.000000  0.215679
70.000000    135.000000  0.206940
70.000000    140.000000  0.198390
70.000000    145.000000  0.190971
70.000000    150.000000  0.185171
70.000000    155.000000  0.180103
70.000000    160.000000  0.175061
70.000000    165.000000  0.209065
70.000000    170.000000  0.234575
70.000000    175.000000  0.253902
70.000000    180.000000  0.268737
75.000000    0.000000  0.139416
75.000000    5.000000  0.153578
75.000000    10.000000  0.167059
75.000000    15.000000  0.179428
75.000000    20.000000  0.190449
75.000000    25.000000  0.200063
75.000000    30.000000  0.208312
75.000000    35.000000  0.215279
75.000000    40.000000  0.221063
75.000000    45.000000  0.225754
75.000000    50.000000  0.229426
75.000000    55.000000  0.232137
75.000000    60.000000  0.233933
75.000000    65.000000  0.234840
75.000000    70.000000  0.234868
75.000000    75.000000  0.234039
75.000000    80.000000  0.236315
75.000000    85.000000  0.237769
75.000000    90.000000  0.238312
75.000000    95.000000  0.237989
75.000000    100.000000  0.236819
75.000000    105.000000  0.234805
75.000000    110.000000  0.231942
75.000000    115.000000  0.228223
75.000000    120.000000  0.223639
75.000000    125.000000  0.218202
75.000000    130.000000  0.211974
75.000000    135.000000  0.205107
75.000000    140.000000  0.197918
75.000000    145.000000  0.190971
75.000000    150.000000  0.185026
75.000000    155.000000  0.180311
75.000000    160.000000  0.175839
75.000000    165.000000  0.171009
75.000000    170.000000  0.203601
75.000000    175.000000  0.226223
75.000000    180.000000  0.242237
80.000000    0.000000  0.109919
80.000000    5.000000  0.124872
80.000000    10.000000  0.139323
80.000000    15.000000  0.152750
80.000000    20.000000  0.164818
80.000000    25.000000  0.175415
80.000000    30.000000  0.184568
80.000000    35.000000  0.192370
80.000000    40.000000  0.198934
80.000000    45.000000  0.204376
80.000000    50.000000  0.208795
80.000000    55.000000  0.212271
80.000000    60.000000  0.214866
80.000000    65.000000  0.216626
80.000000    70.000000  0.217582
80.000000    75.000000  0.217750
80.000000    80.000000  0.217141
80.000000    85.000000  0.219466
80.000000    90.000000  0.221070
80.000000    95.000000  0.221865
80.000000    100.000000  0.221897
80.000000    105.000000  0.221191
80.000000    110.000000  0.219759
80.000000    115.000000  0.217602
80.000000    120.000000  0.214725
80.000000    125.000000  0.211126
80.000000    130.000000  0.206825
80.000000    135.000000  0.201882
80.000000    140.000000  0.196426
80.000000    145.000000  0.190714
80.000000    150.000000  0.185171
80.000000    155.000000  0.180311
80.000000    160.000000  0.176094
80.000000    165.000000  0.171627
80.000000    170.000000  0.166636
80.000000    175.000000  0.196667
80.000000    180.000000  0.214687
85.000000    0.000000  0.078962
85.000000    5.000000  0.094563
85.000000    10.000000  0.109845
85.000000    15.000000  0.124641
85.000000    20.000000  0.138218
85.000000    25.000000  0.150215
85.000000    30.000000  0.160593
85.000000    35.000000  0.169455
85.000000    40.000000  0.176949
85.000000    45.000000  0.183224
85.000000    50.000000  0.188420
85.000000    55.000000  0.192652
85.000000    60.000000  0.196007
85.000000    65.000000  0.198555
85.000000    70.000000  0.200350
85.000000    75.000000  0.201427
85.000000    80.000000  0.201808
85.000000    85.000000  0.201501
85.000000    90.000000  0.203880
85.000000    95.000000  0.205641
85.000000    100.000000  0.206700
85.000000    105.000000  0.207105
85.000000    110.000000  0.206887
85.000000    115.000000  0.206061
85.000000    120.000000  0.204637
85.000000    125.000000  0.202622
85.000000    130.000000  0.200021
85.000000    135.000000  0.196850
85.000000    140.000000  0.193150
85.000000    145.000000  0.189005
85.000000    150.000000  0.184575
85.000000    155.000000  0.180103
85.000000    160.000000  0.175839
85.000000    165.000000  0.171627
85.000000    170.000000  0.166980
85.000000    175.000000  0.161855
85.000000    180.000000  0.185989
90.000000    0.000000  0.046964
90.000000    5.000000  0.063004
90.000000    10.000000  0.078770
90.000000    15.000000  0.094299
90.000000    20.000000  0.109394
90.000000    25.000000  0.123179
90.000000    30.000000  0.135227
90.000000    35.000000  0.145529
90.000000    40.000000  0.154238
90.000000    45.000000  0.161551
90.000000    50.000000  0.167651
90.000000    55.000000  0.172703
90.000000    60.000000  0.176838
90.000000    65.000000  0.180158
90.000000    70.000000  0.182742
90.000000    75.000000  0.184651
90.000000    80.000000  0.185929
90.000000    85.000000  0.186604
90.000000    90.000000  0.186687
90.000000    95.000000  0.189121
90.000000    100.000000  0.191047
90.000000    105.000000  0.192379
90.000000    110.000000  0.193170
90.000000    115.000000  0.193451
90.000000    120.000000  0.193242
90.000000    125.000000  0.192557
90.000000    130.000000  0.191405
90.000000    135.000000  0.189786
90.000000    140.000000  0.187703
90.000000    145.000000  0.185163
90.000000    150.000000  0.182185
90.000000    155.000000  0.178801
90.000000    160.000000  0.175061
90.000000    165.000000  0.171009
90.000000    170.000000  0.166636
90.000000    175.000000  0.161855
90.000000    180.000000  0.156664
95.000000    0.000000  0.078962
95.000000    5.000000  0.063004
95.000000    10.000000  0.090543
95.000000    15.000000  0.110224
95.000000    20.000000  0.127667
95.000000    25.000000  0.143882
95.000000    30.000000  0.158391
95.000000    35.000000  0.170940
95.000000    40.000000  0.181604
95.000000    45.000000  0.190584
95.000000    50.000000  0.198104
95.000000    55.000000  0.204364
95.000000    60.000000  0.209541
95.000000    65.000000  0.213774
95.000000    70.000000  0.217169
95.000000    75.000000  0.219811
95.000000    80.000000  0.221761
95.000000    85.000000  0.223066
95.000000    90.000000  0.223756
95.000000    95.000000  0.223841
95.000000    100.000000  0.226268
95.000000    105.000000  0.228175
95.000000    110.000000  0.229473
95.000000    115.000000  0.230215
95.000000    120.000000  0.230430
95.000000    125.000000  0.230135
95.000000    130.000000  0.229339
95.000000    135.000000  0.228043
95.000000    140.000000  0.226242
95.000000    145.000000  0.223922
95.000000    150.000000  0.221069
95.000000    155.000000  0.217666
95.000000    160.000000  0.213687
95.000000    165.000000  0.209065
95.000000    170.000000  0.203601
95.000000    175.000000  0.196667
95.000000    180.000000  0.185989
100.000000    0.000000  0.109919
100.000000    5.000000  0.094563
100.000000    10.000000  0.078770
100.000000    15.000000  0.110224
100.000000    20.000000  0.133697
100.000000    25.000000  0.153727
100.000000    30.000000  0.171730
100.000000    35.000000  0.187517
100.000000    40.000000  0.201011
100.000000    45.000000  0.212391
100.000000    50.000000  0.221924
100.000000    55.000000  0.229878
100.000000    60.000000  0.236480
100.000000    65.000000  0.241926
100.000000    70.000000  0.246369
100.000000    75.000000  0.249925
100.000000    80.000000  0.252685
100.000000    85.000000  0.254716
100.000000    90.000000  0.256066
100.000000    95.000000  0.256768
100.000000    100.000000  0.256836
100.000000    105.000000  0.259246
100.000000    110.000000  0.261101
100.000000    115.000000  0.262311
100.000000    120.000000  0.262925
100.000000    125.000000  0.262968
100.000000    130.000000  0.262449
100.000000    135.000000  0.261366
100.000000    140.000000  0.259706
100.000000    145.000000  0.257443
100.000000    150.000000  0.254531
100.000000    155.000000  0.250913
100.000000    160.000000  0.246497
100.000000    165.000000  0.241141
100.000000    170.000000  0.234575
100.000000    175.000000  0.226223
100.000000    180.000000  0.214687
105.000000    0.000000  0.139416
105.000000    5.000000  0.124872
105.000000    10.000000  0.109845
105.000000    15.000000  0.094299
105.000000    20.000000  0.127667
105.000000    25.000000  0.153727
105.000000    30.000000  0.175896
105.000000    35.000000  0.195555
105.000000    40.000000  0.212619
105.000000    45.000000  0.227106
105.000000    50.000000  0.239269
105.000000    55.000000  0.249425
105.000000    60.000000  0.257875
105.000000    65.000000  0.264873
105.000000    70.000000  0.270631
105.000000    75.000000  0.275316
105.000000    80.000000  0.279053
105.000000    85.000000  0.281937
105.000000    90.000000  0.284042
105.000000    95.000000  0.285418
105.000000    100.000000  0.286098
105.000000    105.000000  0.286103
105.000000    110.000000  0.288489
105.000000    115.000000  0.290268
105.000000    120.000000  0.291349
105.000000    125.000000  0.291777
105.000000    130.000000  0.291568
105.000000    135.000000  0.290724
105.000000    140.000000  0.289229
105.000000    145.000000  0.287051
105.000000    150.000000  0.284137
105.000000    155.000000  0.280406
105.000000    160.000000  0.275745
105.000000    165.000000  0.269983
105.000000    170.000000  0.262856
105.000000    175.000000  0.253902
105.000000    180.000000  0.242237
110.000000    0.000000  0.167806
110.000000    5.000000  0.153578
110.000000    10.000000  0.139323
110.000000    15.000000  0.124641
110.000000    20.000000  0.109394
110.000000    25.000000  0.143882
110.000000    30.000000  0.171730
110.000000    35.000000  0.195555
110.000000    40.000000  0.216594
110.000000    45.000000  0.234777
110.000000    50.000000  0.250172
110.000000    55.000000  0.263072
110.000000    60.000000  0.273827
110.000000    65.000000  0.282764
110.000000    70.000000  0.290153
110.000000    75.000000  0.296221
110.000000    80.000000  0.301145
110.000000    85.000000  0.305055
110.000000    90.000000  0.308054
110.000000    95.000000  0.310217
110.000000    100.000000  0.311595
110.000000    105.000000  0.312220
110.000000    110.000000  0.312125
110.000000    115.000000  0.314479
110.000000    120.000000  0.316166
110.000000    125.000000  0.317089
110.000000    130.000000  0.317289
110.000000    135.000000  0.316776
110.000000    140.000000  0.315540
110.000000    145.000000  0.313550
110.000000    150.000000  0.310756
110.000000    155.000000  0.307076
110.000000    160.000000  0.302391
110.000000    165.000000  0.296534
110.000000    170.000000  0.289263
110.000000    175.000000  0.280202
110.000000    180.000000  0.268737
115.000000    0.000000  0.196191
115.000000    5.000000  0.181687
115.000000    10.000000  0.167059
115.000000    15.000000  0.152750
115.000000    20.000000  0.138218
115.000000    25.000000  0.123179
115.000000    30.000000  0.158391
115.000000    35.000000  0.187517
115.000000    40.000000  0.212619
115.000000    45.000000  0.234777
115.000000    50.000000  0.253908
115.000000    55.000000  0.270100
115.000000    60.000000  0.283670
115.000000    65.000000  0.294989
115.000000    70.000000  0.304393
115.000000    75.000000  0.312166
115.000000    80.000000  0.318543
115.000000    85.000000  0.323705
115.000000    90.000000  0.327791
115.000000    95.000000  0.330905
115.000000    100.000000  0.333125
115.000000    105.000000  0.334503
115.000000    110.000000  0.335070
115.000000    115.000000  0.334868
115.000000    120.000000  0.337189
115.000000    125.000000  0.338776
115.000000    130.000000  0.339532
115.000000    135.000000  0.339490
115.000000    140.000000  0.338654
115.000000    145.000000  0.337002
115.000000    150.000000  0.334492
115.000000    155.000000  0.331050
115.000000    160.000000  0.326570
115.000000    165.000000  0.320897
115.000000    170.000000  0.313816
115.000000    175.000000  0.305015
115.000000    180.000000  0.294030
120.000000    0.000000  0.224173
120.000000    5.000000  0.209824
120.000000    10.000000  0.194622
120.000000    15.000000  0.179428
120.000000    20.000000  0.164818
120.000000    25.000000  0.150215
120.000000    30.000000  0.135227
120.000000    35.000000  0.170940
120.000000    40.000000  0.201011
120.000000    45.000000  0.227106
120.000000    50.000000  0.250172
120.000000    55.000000  0.270100
120.000000    60.000000  0.286989
120.000000    65.000000  0.301165
120.000000    70.000000  0.313002
120.000000    75.000000  0.322844
120.000000    80.000000  0.330980
120.000000    85.000000  0.337650
120.000000    90.000000  0.343042
120.000000    95.000000  0.347297
120.000000    100.000000  0.350524
120.000000    105.000000  0.352801
120.000000    110.000000  0.354182
120.000000    115.000000  0.354695
120.000000    120.000000  0.354391
120.000000    125.000000  0.356680
120.000000    130.000000  0.358170
120.000000    135.000000  0.358761
120.000000    140.000000  0.358482
120.000000    145.000000  0.357329
120.000000    150.000000  0.355273
120.000000    155.000000  0.352254
120.000000    160.000000  0.348183
120.000000    165.000000  0.342927
120.000000    170.000000  0.336299
120.000000    175.000000  0.328039
120.000000    180.000000  0.317777
125.000000    0.000000  0.250779
125.000000    5.000000  0.237168
125.000000    10.000000  0.222146
125.000000    15.000000  0.206258
125.000000    20.000000  0.190449
125.000000    25.000000  0.175415
125.000000    30.000000  0.160593
125.000000    35.000000  0.145529
125.000000    40.000000  0.181604
125.000000    45.000000  0.212391
125.000000    50.000000  0.239269
125.000000    55.000000  0.263072
125.000000    60.000000  0.283670
125.000000    65.000000  0.301165
125.000000    70.000000  0.315878
125.000000    75.000000  0.328179
125.000000    80.000000  0.338416
125.000000    85.000000  0.346881
125.000000    90.000000  0.353818
125.000000    95.000000  0.359421
125.000000    100.000000  0.363832
125.000000    105.000000  0.367163
125.000000    110.000000  0.369494
125.000000    115.000000  0.370880
125.000000    120.000000  0.371346
125.000000    125.000000  0.370952
125.000000    130.000000  0.373211
125.000000    135.000000  0.374609
125.000000    140.000000  0.375045
125.000000    145.000000  0.374544
125.000000    150.000000  0.373094
125.000000    155.000000  0.370657
125.000000    160.000000  0.367162
125.000000    165.000000  0.362500
125.000000    170.000000  0.356518
125.000000    175.000000  0.348996
125.000000    180.000000  0.339634
130.000000    0.000000  0.275236
130.000000    5.000000  0.262770
130.000000    10.000000  0.248615
130.000000    15.000000  0.232990
130.000000    20.000000  0.216469
130.000000    25.000000  0.200063
130.000000    30.000000  0.184568
130.000000    35.000000  0.169455
130.000000    40.000000  0.154238
130.000000    45.000000  0.190584
130.000000    50.000000  0.221924
130.000000    55.000000  0.249425
130.000000    60.000000  0.273827
130.000000    65.000000  0.294989
130.000000    70.000000  0.313002
130.000000    75.000000  0.328179
130.000000    80.000000  0.340886
130.000000    85.000000  0.351469
130.000000    90.000000  0.360224
130.000000    95.000000  0.367398
130.000000    100.000000  0.373187
130.000000    105.000000  0.377737
130.000000    110.000000  0.381161
130.000000    115.000000  0.383542
130.000000    120.000000  0.384933
130.000000    125.000000  0.385360
130.000000    130.000000  0.384889
130.000000    135.000000  0.387119
130.000000    140.000000  0.388432
130.000000    145.000000  0.388725
130.000000    150.000000  0.388017
130.000000    155.000000  0.386294
130.000000    160.000000  0.383505
130.000000    165.000000  0.379569
130.000000    170.000000  0.374362
130.000000    175.000000  0.367706
130.000000    180.000000  0.359356
135.000000    0.000000  0.297092
135.000000    5.000000  0.285990
135.000000    10.000000  0.273117
135.000000    15.000000  0.258493
135.000000    20.000000  0.242344
135.000000    25.000000  0.225262
135.000000    30.000000  0.208312
135.000000    35.000000  0.192370
135.000000    40.000000  0.176949
135.000000    45.000000  0.161551
135.000000    50.000000  0.198104
135.000000    55.000000  0.229878
135.000000    60.000000  0.257875
135.000000    65.000000  0.282764
135.000000    70.000000  0.304393
135.000000    75.000000  0.322844
135.000000    80.000000  0.338416
135.000000    85.000000  0.351469
135.000000    90.000000  0.362349
135.000000    95.000000  0.371353
135.000000    100.000000  0.378732
135.000000    105.000000  0.384682
135.000000    110.000000  0.389352
135.000000    115.000000  0.392857
135.000000    120.000000  0.395281
135.000000    125.000000  0.396677
135.000000    130.000000  0.397070
135.000000    135.000000  0.396534
135.000000    140.000000  0.398738
135.000000    145.000000  0.399972
135.000000    150.000000  0.400131
135.000000    155.000000  0.399233
135.000000    160.000000  0.397256
135.000000    165.000000  0.394143
135.000000    170.000000  0.389799
135.000000    175.000000  0.384086
135.000000    180.000000  0.376807
140.000000    0.000000  0.316132
140.000000    5.000000  0.306490
140.000000    10.000000  0.295097
140.000000    15.000000  0.281880
140.000000    20.000000  0.266861
140.000000    25.000000  0.250266
140.000000    30.000000  0.232704
140.000000    35.000000  0.215279
140.000000    40.000000  0.198934
140.000000    45.000000  0.183224
140.000000    50.000000  0.167651
140.000000    55.000000  0.204364
140.000000    60.000000  0.236480
140.000000    65.000000  0.264873
140.000000    70.000000  0.290153
140.000000    75.000000  0.312166
140.000000    80.000000  0.330980
140.000000    85.000000  0.346881
140.000000    90.000000  0.360224
140.000000    95.000000  0.371353
140.000000    100.000000  0.380567
140.000000    105.000000  0.388117
140.000000    110.000000  0.394203
140.000000    115.000000  0.398975
140.000000    120.000000  0.402549
140.000000    125.000000  0.405008
140.000000    130.000000  0.406409
140.000000    135.000000  0.406774
140.000000    140.000000  0.406181
140.000000    145.000000  0.408359
140.000000    150.000000  0.409519
140.000000    155.000000  0.409554
140.000000    160.000000  0.408477
140.000000    165.000000  0.406263
140.000000    170.000000  0.402846
140.000000    175.000000  0.398121
140.000000    180.000000  0.391935
145.000000    0.000000  0.332298
145.000000    5.000000  0.324133
145.000000    10.000000  0.314291
145.000000    15.000000  0.302658
145.000000    20.000000  0.289159
145.000000    25.000000  0.273813
145.000000    30.000000  0.256849
145.000000    35.000000  0.238887
145.000000    40.000000  0.221063
145.000000    45.000000  0.204376
145.000000    50.000000  0.188420
145.000000    55.000000  0.172703
145.000000    60.000000  0.209541
145.000000    65.000000  0.241926
145.000000    70.000000  0.270631
145.000000    75.000000  0.296221
145.000000    80.000000  0.318543
145.000000    85.000000  0.337650
145.000000    90.000000  0.353818
145.000000    95.000000  0.367398
145.000000    100.000000  0.378732
145.000000    105.000000  0.388117
145.000000    110.000000  0.395809
145.000000    115.000000  0.402006
145.000000    120.000000  0.406861
145.000000    125.000000  0.410490
145.000000    130.000000  0.412979
145.000000    135.000000  0.414382
145.000000    140.000000  0.414722
145.000000    145.000000  0.414078
145.000000    150.000000  0.416232
145.000000    155.000000  0.417319
145.000000    160.000000  0.417233
145.000000    165.000000  0.415985
145.000000    170.000000  0.413544
145.000000    175.000000  0.409836
145.000000    180.000000  0.404746
150.000000    0.000000  0.345603
150.000000    5.000000  0.338898
150.000000    10.000000  0.330602
150.000000    15.000000  0.320601
150.000000    20.000000  0.308775
150.000000    25.000000  0.295050
150.000000    30.000000  0.279441
150.000000    35.000000  0.262181
150.000000    40.000000  0.243898
150.000000    45.000000  0.225754
150.000000    50.000000  0.208795
150.000000    55.000000  0.192652
150.000000    60.000000  0.176838
150.000000    65.000000  0.213774
150.000000    70.000000  0.246369
150.000000    75.000000  0.275316
150.000000    80.000000  0.301145
150.000000    85.000000  0.323705
150.000000    90.000000  0.343042
150.000000    95.000000  0.359421
150.000000    100.000000  0.373187
150.000000    105.000000  0.384682
150.000000    110.000000  0.394203
150.000000    115.000000  0.402006
150.000000    120.000000  0.408290
150.000000    125.000000  0.413210
150.000000    130.000000  0.416883
150.000000    135.000000  0.419393
150.000000    140.000000  0.420795
150.000000    145.000000  0.421112
150.000000    150.000000  0.420426
150.000000    155.000000  0.422554
150.000000    160.000000  0.423567
150.000000    165.000000  0.423359
150.000000    170.000000  0.421938
150.000000    175.000000  0.419270
150.000000    180.000000  0.415273
155.000000    0.000000  0.356095
155.000000    5.000000  0.350818
155.000000    10.000000  0.344031
155.000000    15.000000  0.335634
155.000000    20.000000  0.325509
155.000000    25.000000  0.313536
155.000000    30.000000  0.299636
155.000000    35.000000  0.283825
155.000000    40.000000  0.266337
155.000000    45.000000  0.247809
155.000000    50.000000  0.229426
155.000000    55.000000  0.212271
155.000000    60.000000  0.196007
155.000000    65.000000  0.180158
155.000000    70.000000  0.217169
155.000000    75.000000  0.249925
155.000000    80.000000  0.279053
155.000000    85.000000  0.305055
155.000000    90.000000  0.327791
155.000000    95.000000  0.347297
155.000000    100.000000  0.363832
155.000000    105.000000  0.377737
155.000000    110.000000  0.389352
155.000000    115.000000  0.398975
155.000000    120.000000  0.406861
155.000000    125.000000  0.413210
155.000000    130.000000  0.418178
155.000000    135.000000  0.421880
155.000000    140.000000  0.424404
155.000000    145.000000  0.425803
155.000000    150.000000  0.426100
155.000000    155.000000  0.425379
155.000000    160.000000  0.427478
155.000000    165.000000  0.428409
155.000000    170.000000  0.428068
155.000000    175.000000  0.426463
155.000000    180.000000  0.423554
160.000000    0.000000  0.363831
160.000000    5.000000  0.359947
160.000000    10.000000  0.354623
160.000000    15.000000  0.347777
160.000000    20.000000  0.339307
160.000000    25.000000  0.329091
160.000000    30.000000  0.317011
160.000000    35.000000  0.302985
160.000000    40.000000  0.287029
160.000000    45.000000  0.269379
160.000000    50.000000  0.250681
160.000000    55.000000  0.232137
160.000000    60.000000  0.214866
160.000000    65.000000  0.198555
160.000000    70.000000  0.182742
160.000000    75.000000  0.219811
160.000000    80.000000  0.252685
160.000000    85.000000  0.281937
160.000000    90.000000  0.308054
160.000000    95.000000  0.330905
160.000000    100.000000  0.350524
160.000000    105.000000  0.367163
160.000000    110.000000  0.381161
160.000000    115.000000  0.392857
160.000000    120.000000  0.402549
160.000000    125.000000  0.410490
160.000000    130.000000  0.416883
160.000000    135.000000  0.421880
160.000000    140.000000  0.425601
160.000000    145.000000  0.428130
160.000000    150.000000  0.429524
160.000000    155.000000  0.429805
160.000000    160.000000  0.429055
160.000000    165.000000  0.431118
160.000000    170.000000  0.431949
160.000000    175.000000  0.431449
160.000000    180.000000  0.429629
165.000000    0.000000  0.368855
165.000000    5.000000  0.366337
165.000000    10.000000  0.362431
165.000000    15.000000  0.357078
165.000000    20.000000  0.350194
165.000000    25.000000  0.341676
165.000000    30.000000  0.331403
165.000000    35.000000  0.319253
165.000000    40.000000  0.305147
165.000000    45.000000  0.289101
165.000000    50.000000  0.271353
165.000000    55.000000  0.252558
165.000000    60.000000  0.233933
165.000000    65.000000  0.216626
165.000000    70.000000  0.200350
165.000000    75.000000  0.184651
165.000000    80.000000  0.221761
165.000000    85.000000  0.254716
165.000000    90.000000  0.284042
165.000000    95.000000  0.310217
165.000000    100.000000  0.333125
165.000000    105.000000  0.352801
165.000000    110.000000  0.369494
165.000000    115.000000  0.383542
165.000000    120.000000  0.395281
165.000000    125.000000  0.405008
165.000000    130.000000  0.412979
165.000000    135.000000  0.419393
165.000000    140.000000  0.424404
165.000000    145.000000  0.428130
165.000000    150.000000  0.430659
165.000000    155.000000  0.432045
165.000000    160.000000  0.432311
165.000000    165.000000  0.431539
165.000000    170.000000  0.433548
165.000000    175.000000  0.434238
165.000000    180.000000  0.433524
170.000000    0.000000  0.371190
170.000000    5.000000  0.370022
170.000000    10.000000  0.367499
170.000000    15.000000  0.363584
170.000000    20.000000  0.358217
170.000000    25.000000  0.351315
170.000000    30.000000  0.342774
170.000000    35.000000  0.332474
170.000000    40.000000  0.320293
170.000000    45.000000  0.306152
170.000000    50.000000  0.290069
170.000000    55.000000  0.272286
170.000000    60.000000  0.253465
170.000000    65.000000  0.234840
170.000000    70.000000  0.217582
170.000000    75.000000  0.201427
170.000000    80.000000  0.185929
170.000000    85.000000  0.223066
170.000000    90.000000  0.256066
170.000000    95.000000  0.285418
170.000000    100.000000  0.311595
170.000000    105.000000  0.334503
170.000000    110.000000  0.354182
170.000000    115.000000  0.370880
170.000000    120.000000  0.384933
170.000000    125.000000  0.396677
170.000000    130.000000  0.406409
170.000000    135.000000  0.414382
170.000000    140.000000  0.420795
170.000000    145.000000  0.425803
170.000000    150.000000  0.429524
170.000000    155.000000  0.432045
170.000000    160.000000  0.433421
170.000000    165.000000  0.433673
170.000000    170.000000  0.432885
170.000000    175.000000  0.434796
170.000000    180.000000  0.435247
175.000000    0.000000  0.370816
175.000000    5.000000  0.371005
175.000000    10.000000  0.369842
175.000000    15.000000  0.367321
175.000000    20.000000  0.363409
175.000000    25.000000  0.358044
175.000000    30.000000  0.351144
175.000000    35.000000  0.342606
175.000000    40.000000  0.332310
175.000000    45.000000  0.320135
175.000000    50.000000  0.306004
175.000000    55.000000  0.289937
175.000000    60.000000  0.272183
175.000000    65.000000  0.253410
175.000000    70.000000  0.234868
175.000000    75.000000  0.217750
175.000000    80.000000  0.201808
175.000000    85.000000  0.186604
175.000000    90.000000  0.223756
175.000000    95.000000  0.256768
175.000000    100.000000  0.286098
175.000000    105.000000  0.312220
175.000000    110.000000  0.335070
175.000000    115.000000  0.354695
175.000000    120.000000  0.371346
175.000000    125.000000  0.385360
175.000000    130.000000  0.397070
175.000000    135.000000  0.406774
175.000000    140.000000  0.414722
175.000000    145.000000  0.421112
175.000000    150.000000  0.426100
175.000000    155.000000  0.429805
175.000000    160.000000  0.432311
175.000000    165.000000  0.433673
175.000000    170.000000  0.433912
175.000000    175.000000  0.433113
175.000000    180.000000  0.434769
180.000000    0.000000  0.367879
180.000000    5.000000  0.369349
180.000000    10.000000  0.369544
180.000000    15.000000  0.368387
180.000000    20.000000  0.365877
180.000000    25.000000  0.361978
180.000000    30.000000  0.356630
180.000000    35.000000  0.349750
180.000000    40.000000  0.341238
180.000000    45.000000  0.330974
180.000000    50.000000  0.318839
180.000000    55.000000  0.304758
180.000000    60.000000  0.288755
180.000000    65.000000  0.271084
180.000000    70.000000  0.252425
180.000000    75.000000  0.234039
180.000000    80.000000  0.217141
180.000000    85.000000  0.201501
180.000000    90.000000  0.186687
180.000000    95.000000  0.223841
180.000000    100.000000  0.256836
180.000000    105.000000  0.286103
180.000000    110.000000  0.312125
180.000000    115.000000  0.334868
180.000000    120.000000  0.354391
180.000000    125.000000  0.370952
180.000000    130.000000  0.384889
180.000000    135.000000  0.396534
180.000000    140.000000  0.406181
180.000000    145.000000  0.414078
180.000000    150.000000  0.420426
180.000000    155.000000  0.425379
180.000000    160.000000  0.429055
180.000000    165.000000  0.431539
180.000000    170.000000  0.432885
180.000000    175.000000  0.433113
180.000000    180.000000  0.432309
