0.000000    0.000000  0.000335
0.000000    5.000000  0.003723
0.000000    10.000000  0.007104
0.000000    15.000000  0.010416
0.000000    20.000000  0.013628
0.000000    25.000000  0.016709
0.000000    30.000000  0.019630
0.000000    35.000000  0.022362
0.000000    40.000000  0.024882
0.000000    45.000000  0.027173
0.000000    50.000000  0.029225
0.000000    55.000000  0.031033
0.000000    60.000000  0.032594
0.000000    65.000000  0.033910
0.000000    70.000000  0.034982
0.000000    75.000000  0.035812
0.000000    80.000000  0.036403
0.000000    85.000000  0.036756
0.000000    90.000000  0.036872
0.000000    95.000000  0.040337
0.000000    100.000000  0.044796
0.000000    105.000000  0.048423
0.000000    110.000000  0.051484
0.000000    115.000000  0.054091
0.000000    120.000000  0.056311
0.000000    125.000000  0.058189
0.000000    130.000000  0.059763
0.000000    135.000000  0.061058
0.000000    140.000000  0.062094
0.000000    145.000000  0.062890
0.000000    150.000000  0.063456
0.000000    155.000000  0.063800
0.000000    160.000000  0.063929
0.000000    165.000000  0.063842
0.000000    170.000000  0.063539
0.000000    175.000000  0.063014
0.000000    180.000000  0.062280
5.000000    0.000000  0.007085
5.000000    5.000000  0.003723
5.000000    10.000000  0.015605
5.000000    15.000000  0.021881
5.000000    20.000000  0.026620
5.000000    25.000000  0.030673
5.000000    30.000000  0.034303
5.000000    35.000000  0.037607
5.000000    40.000000  0.040617
5.000000    45.000000  0.043346
5.000000    50.000000  0.045796
5.000000    55.000000  0.047972
5.000000    60.000000  0.049877
5.000000    65.000000  0.051514
5.000000    70.000000  0.052889
5.000000    75.000000  0.054006
5.000000    80.000000  0.054869
5.000000    85.000000  0.055483
5.000000    90.000000  0.055849
5.000000    95.000000  0.055971
5.000000    100.000000  0.059429
5.000000    105.000000  0.063872
5.000000    110.000000  0.067471
5.000000    115.000000  0.070493
5.000000    120.000000  0.073047
5.000000    125.000000  0.075199
5.000000    130.000000  0.076991
5.000000    135.000000  0.078455
5.000000    140.000000  0.079612
5.000000    145.000000  0.080473
5.000000    150.000000  0.081041
5.000000    155.000000  0.081304
5.000000    160.000000  0.081232
5.000000    165.000000  0.080762
5.000000    170.000000  0.079749
5.000000    175.000000  0.077846
5.000000    180.000000  0.073946
10.000000    0.000000  0.013700
10.000000    5.000000  0.010421
10.000000    10.000000  0.007104
10.000000    15.000000  0.021881
10.000000    20.000000  0.030997
10.000000    25.000000  0.037690
10.000000    30.000000  0.043109
10.000000    35.000000  0.047727
10.000000    40.000000  0.051768
10.000000    45.000000  0.055340
10.000000    50.000000  0.058505
10.000000    55.000000  0.061299
10.000000    60.000000  0.063746
10.000000    65.000000  0.065866
10.000000    70.000000  0.067673
10.000000    75.000000  0.069179
10.000000    80.000000  0.070394
10.000000    85.000000  0.071327
10.000000    90.000000  0.071986
10.000000    95.000000  0.072379
10.000000    100.000000  0.072511
10.000000    105.000000  0.075955
10.000000    110.000000  0.080356
10.000000    115.000000  0.083886
10.000000    120.000000  0.086808
10.000000    125.000000  0.089231
10.000000    130.000000  0.091215
10.000000    135.000000  0.092797
10.000000    140.000000  0.093999
10.000000    145.000000  0.094831
10.000000    150.000000  0.095285
10.000000    155.000000  0.095337
10.000000    160.000000  0.094940
10.000000    165.000000  0.094000
10.000000    170.000000  0.092357
10.000000    175.000000  0.089697
10.000000    180.000000  0.085369
15.000000    0.000000  0.020047
15.000000    5.000000  0.016905
15.000000    10.000000  0.013683
15.000000    15.000000  0.010416
15.000000    20.000000  0.026620
15.000000    25.000000  0.037690
15.000000    30.000000  0.046019
15.000000    35.000000  0.052726
15.000000    40.000000  0.058352
15.000000    45.000000  0.063186
15.000000    50.000000  0.067389
15.000000    55.000000  0.071058
15.000000    60.000000  0.074256
15.000000    65.000000  0.077029
15.000000    70.000000  0.079409
15.000000    75.000000  0.081423
15.000000    80.000000  0.083089
15.000000    85.000000  0.084424
15.000000    90.000000  0.085440
15.000000    95.000000  0.086147
15.000000    100.000000  0.086559
15.000000    105.000000  0.086703
15.000000    110.000000  0.090126
15.000000    115.000000  0.094468
15.000000    120.000000  0.097900
15.000000    125.000000  0.100685
15.000000    130.000000  0.102929
15.000000    135.000000  0.104685
15.000000    140.000000  0.105984
15.000000    145.000000  0.106839
15.000000    150.000000  0.107246
15.000000    155.000000  0.107179
15.000000    160.000000  0.106589
15.000000    165.000000  0.105392
15.000000    170.000000  0.103445
15.000000    175.000000  0.100512
15.000000    180.000000  0.096178
20.000000    0.000000  0.026009
20.000000    5.000000  0.023068
20.000000    10.000000  0.019997
20.000000    15.000000  0.016841
20.000000    20.000000  0.013628
20.000000    25.000000  0.030673
20.000000    30.000000  0.043109
20.000000    35.000000  0.052726
20.000000    40.000000  0.060529
20.000000    45.000000  0.067063
20.000000    50.000000  0.072641
20.000000    55.000000  0.077453
20.000000    60.000000  0.081619
20.000000    65.000000  0.085224
20.000000    70.000000  0.088328
20.000000    75.000000  0.090975
20.000000    80.000000  0.093200
20.000000    85.000000  0.095031
20.000000    90.000000  0.096487
20.000000    95.000000  0.097584
20.000000    100.000000  0.098334
20.000000    105.000000  0.098753
20.000000    110.000000  0.098901
20.000000    115.000000  0.102299
20.000000    120.000000  0.106570
20.000000    125.000000  0.109887
20.000000    130.000000  0.112511
20.000000    135.000000  0.114545
20.000000    140.000000  0.116039
20.000000    145.000000  0.117016
20.000000    150.000000  0.117482
20.000000    155.000000  0.117418
20.000000    160.000000  0.116783
20.000000    165.000000  0.115508
20.000000    170.000000  0.113480
20.000000    175.000000  0.110520
20.000000    180.000000  0.106346
25.000000    0.000000  0.031471
25.000000    5.000000  0.028786
25.000000    10.000000  0.025932
25.000000    15.000000  0.022942
25.000000    20.000000  0.019859
25.000000    25.000000  0.016709
25.000000    30.000000  0.034303
25.000000    35.000000  0.047727
25.000000    40.000000  0.058352
25.000000    45.000000  0.067063
25.000000    50.000000  0.074378
25.000000    55.000000  0.080616
25.000000    60.000000  0.085980
25.000000    65.000000  0.090605
25.000000    70.000000  0.094590
25.000000    75.000000  0.098004
25.000000    80.000000  0.100903
25.000000    85.000000  0.103329
25.000000    90.000000  0.105313
25.000000    95.000000  0.106882
25.000000    100.000000  0.108052
25.000000    105.000000  0.108835
25.000000    110.000000  0.109247
25.000000    115.000000  0.109391
25.000000    120.000000  0.112761
25.000000    125.000000  0.116952
25.000000    130.000000  0.120143
25.000000    135.000000  0.122591
25.000000    140.000000  0.124398
25.000000    145.000000  0.125611
25.000000    150.000000  0.126247
25.000000    155.000000  0.126304
25.000000    160.000000  0.125753
25.000000    165.000000  0.124542
25.000000    170.000000  0.122583
25.000000    175.000000  0.119743
25.000000    180.000000  0.115820
30.000000    0.000000  0.036374
30.000000    5.000000  0.033966
30.000000    10.000000  0.031373
30.000000    15.000000  0.028610
30.000000    20.000000  0.025708
30.000000    25.000000  0.022708
30.000000    30.000000  0.019630
30.000000    35.000000  0.037607
30.000000    40.000000  0.051768
30.000000    45.000000  0.063186
30.000000    50.000000  0.072641
30.000000    55.000000  0.080616
30.000000    60.000000  0.087425
30.000000    65.000000  0.093273
30.000000    70.000000  0.098306
30.000000    75.000000  0.102631
30.000000    80.000000  0.106326
30.000000    85.000000  0.109452
30.000000    90.000000  0.112059
30.000000    95.000000  0.114181
30.000000    100.000000  0.115848
30.000000    105.000000  0.117078
30.000000    110.000000  0.117884
30.000000    115.000000  0.118280
30.000000    120.000000  0.118411
30.000000    125.000000  0.121748
30.000000    130.000000  0.125855
30.000000    135.000000  0.128909
30.000000    140.000000  0.131172
30.000000    145.000000  0.132742
30.000000    150.000000  0.133664
30.000000    155.000000  0.133952
30.000000    160.000000  0.133596
30.000000    165.000000  0.132560
30.000000    170.000000  0.130781
30.000000    175.000000  0.128160
30.000000    180.000000  0.124550
35.000000    0.000000  0.040735
35.000000    5.000000  0.038588
35.000000    10.000000  0.036259
35.000000    15.000000  0.033753
35.000000    20.000000  0.031081
35.000000    25.000000  0.028270
35.000000    30.000000  0.025358
35.000000    35.000000  0.022362
35.000000    40.000000  0.040617
35.000000    45.000000  0.055340
35.000000    50.000000  0.067389
35.000000    55.000000  0.077453
35.000000    60.000000  0.085980
35.000000    65.000000  0.093273
35.000000    70.000000  0.099538
35.000000    75.000000  0.104926
35.000000    80.000000  0.109548
35.000000    85.000000  0.113490
35.000000    90.000000  0.116817
35.000000    95.000000  0.119581
35.000000    100.000000  0.121823
35.000000    105.000000  0.123573
35.000000    110.000000  0.124852
35.000000    115.000000  0.125671
35.000000    120.000000  0.126042
35.000000    125.000000  0.126152
35.000000    130.000000  0.129455
35.000000    135.000000  0.133470
35.000000    140.000000  0.136381
35.000000    145.000000  0.138450
35.000000    150.000000  0.139777
35.000000    155.000000  0.140403
35.000000    160.000000  0.140341
35.000000    165.000000  0.139575
35.000000    170.000000  0.138064
35.000000    175.000000  0.135736
35.000000    180.000000  0.132484
40.000000    0.000000  0.044588
40.000000    5.000000  0.042685
40.000000    10.000000  0.040597
40.000000    15.000000  0.038336
40.000000    20.000000  0.035911
40.000000    25.000000  0.033328
40.000000    30.000000  0.030608
40.000000    35.000000  0.027789
40.000000    40.000000  0.024882
40.000000    45.000000  0.043346
40.000000    50.000000  0.058505
40.000000    55.000000  0.071058
40.000000    60.000000  0.081619
40.000000    65.000000  0.090605
40.000000    70.000000  0.098306
40.000000    75.000000  0.104926
40.000000    80.000000  0.110617
40.000000    85.000000  0.115495
40.000000    90.000000  0.119649
40.000000    95.000000  0.123147
40.000000    100.000000  0.126047
40.000000    105.000000  0.128390
40.000000    110.000000  0.130208
40.000000    115.000000  0.131524
40.000000    120.000000  0.132349
40.000000    125.000000  0.132689
40.000000    130.000000  0.132774
40.000000    135.000000  0.136038
40.000000    140.000000  0.139955
40.000000    145.000000  0.142715
40.000000    150.000000  0.144582
40.000000    155.000000  0.145659
40.000000    160.000000  0.145987
40.000000    165.000000  0.145576
40.000000    170.000000  0.144406
40.000000    175.000000  0.142432
40.000000    180.000000  0.139578
45.000000    0.000000  0.047943
45.000000    5.000000  0.046282
45.000000    10.000000  0.044420
45.000000    15.000000  0.042382
45.000000    20.000000  0.040185
45.000000    25.000000  0.037835
45.000000    30.000000  0.035338
45.000000    35.000000  0.032710
45.000000    40.000000  0.029985
45.000000    45.000000  0.027173
45.000000    50.000000  0.045796
45.000000    55.000000  0.061299
45.000000    60.000000  0.074256
45.000000    65.000000  0.085224
45.000000    70.000000  0.094590
45.000000    75.000000  0.102631
45.000000    80.000000  0.109548
45.000000    85.000000  0.115495
45.000000    90.000000  0.120590
45.000000    95.000000  0.124922
45.000000    100.000000  0.128565
45.000000    105.000000  0.131578
45.000000    110.000000  0.134004
45.000000    115.000000  0.135877
45.000000    120.000000  0.137220
45.000000    125.000000  0.138043
45.000000    130.000000  0.138350
45.000000    135.000000  0.138405
45.000000    140.000000  0.141627
45.000000    145.000000  0.145436
45.000000    150.000000  0.148034
45.000000    155.000000  0.149691
45.000000    160.000000  0.150511
45.000000    165.000000  0.150537
45.000000    170.000000  0.149776
45.000000    175.000000  0.148209
45.000000    180.000000  0.145786
50.000000    0.000000  0.050774
50.000000    5.000000  0.049372
50.000000    10.000000  0.047741
50.000000    15.000000  0.045916
50.000000    20.000000  0.043926
50.000000    25.000000  0.041788
50.000000    30.000000  0.039511
50.000000    35.000000  0.037098
50.000000    40.000000  0.034563
50.000000    45.000000  0.031937
50.000000    50.000000  0.029225
50.000000    55.000000  0.047972
50.000000    60.000000  0.063746
50.000000    65.000000  0.077029
50.000000    70.000000  0.088328
50.000000    75.000000  0.098004
50.000000    80.000000  0.106326
50.000000    85.000000  0.113490
50.000000    90.000000  0.119649
50.000000    95.000000  0.124922
50.000000    100.000000  0.129402
50.000000    105.000000  0.133165
50.000000    110.000000  0.136270
50.000000    115.000000  0.138762
50.000000    120.000000  0.140677
50.000000    125.000000  0.142038
50.000000    130.000000  0.142855
50.000000    135.000000  0.143126
50.000000    140.000000  0.143152
50.000000    145.000000  0.146323
50.000000    150.000000  0.150012
50.000000    155.000000  0.152435
50.000000    160.000000  0.153868
50.000000    165.000000  0.154420
50.000000    170.000000  0.154136
50.000000    175.000000  0.153024
50.000000    180.000000  0.151063
55.000000    0.000000  0.053025
55.000000    5.000000  0.051912
55.000000    10.000000  0.050537
55.000000    15.000000  0.048936
55.000000    20.000000  0.047149
55.000000    25.000000  0.045206
55.000000    30.000000  0.043129
55.000000    35.000000  0.040926
55.000000    40.000000  0.038598
55.000000    45.000000  0.036159
55.000000    50.000000  0.033637
55.000000    55.000000  0.031033
55.000000    60.000000  0.049877
55.000000    65.000000  0.065866
55.000000    70.000000  0.079409
55.000000    75.000000  0.090975
55.000000    80.000000  0.100903
55.000000    85.000000  0.109452
55.000000    90.000000  0.116817
55.000000    95.000000  0.123147
55.000000    100.000000  0.128565
55.000000    105.000000  0.133165
55.000000    110.000000  0.137023
55.000000    115.000000  0.140200
55.000000    120.000000  0.142744
55.000000    125.000000  0.144689
55.000000    130.000000  0.146060
55.000000    135.000000  0.146866
55.000000    140.000000  0.147102
55.000000    145.000000  0.147099
55.000000    150.000000  0.150211
55.000000    155.000000  0.153761
55.000000    160.000000  0.155987
55.000000    165.000000  0.157176
55.000000    170.000000  0.157444
55.000000    175.000000  0.156839
55.000000    180.000000  0.155371
60.000000    0.000000  0.054621
60.000000    5.000000  0.053837
60.000000    10.000000  0.052753
60.000000    15.000000  0.051406
60.000000    20.000000  0.049840
60.000000    25.000000  0.048094
60.000000    30.000000  0.046203
60.000000    35.000000  0.044190
60.000000    40.000000  0.042065
60.000000    45.000000  0.039829
60.000000    50.000000  0.037492
60.000000    55.000000  0.035081
60.000000    60.000000  0.032594
60.000000    65.000000  0.051514
60.000000    70.000000  0.067673
60.000000    75.000000  0.081423
60.000000    80.000000  0.093200
60.000000    85.000000  0.103329
60.000000    90.000000  0.112059
60.000000    95.000000  0.119581
60.000000    100.000000  0.126047
60.000000    105.000000  0.131578
60.000000    110.000000  0.136270
60.000000    115.000000  0.140200
60.000000    120.000000  0.143432
60.000000    125.000000  0.146012
60.000000    130.000000  0.147977
60.000000    135.000000  0.149352
60.000000    140.000000  0.150144
60.000000    145.000000  0.150347
60.000000    150.000000  0.150316
60.000000    155.000000  0.153353
60.000000    160.000000  0.156737
60.000000    165.000000  0.158736
60.000000    170.000000  0.159652
60.000000    175.000000  0.159612
60.000000    180.000000  0.158668
65.000000    0.000000  0.055481
65.000000    5.000000  0.055067
65.000000    10.000000  0.054315
65.000000    15.000000  0.053262
65.000000    20.000000  0.051951
65.000000    25.000000  0.050426
65.000000    30.000000  0.048729
65.000000    35.000000  0.046898
65.000000    40.000000  0.044957
65.000000    45.000000  0.042919
65.000000    50.000000  0.040782
65.000000    55.000000  0.038557
65.000000    60.000000  0.036268
65.000000    65.000000  0.033910
65.000000    70.000000  0.052889
65.000000    75.000000  0.069179
65.000000    80.000000  0.083089
65.000000    85.000000  0.095031
65.000000    90.000000  0.105313
65.000000    95.000000  0.114181
65.000000    100.000000  0.121823
65.000000    105.000000  0.128390
65.000000    110.000000  0.134004
65.000000    115.000000  0.138762
65.000000    120.000000  0.142744
65.000000    125.000000  0.146012
65.000000    130.000000  0.148615
65.000000    135.000000  0.150591
65.000000    140.000000  0.151963
65.000000    145.000000  0.152740
65.000000    150.000000  0.152911
65.000000    155.000000  0.152855
65.000000    160.000000  0.155793
65.000000    165.000000  0.158967
65.000000    170.000000  0.160693
65.000000    175.000000  0.161295
65.000000    180.000000  0.160912
70.000000    0.000000  0.055524
70.000000    5.000000  0.055520
70.000000    10.000000  0.055142
70.000000    15.000000  0.054426
70.000000    20.000000  0.053412
70.000000    25.000000  0.052145
70.000000    30.000000  0.050670
70.000000    35.000000  0.049033
70.000000    40.000000  0.047272
70.000000    45.000000  0.045416
70.000000    50.000000  0.043475
70.000000    55.000000  0.041451
70.000000    60.000000  0.039350
70.000000    65.000000  0.037197
70.000000    70.000000  0.034982
70.000000    75.000000  0.054006
70.000000    80.000000  0.070394
70.000000    85.000000  0.084424
70.000000    90.000000  0.096487
70.000000    95.000000  0.106882
70.000000    100.000000  0.115848
70.000000    105.000000  0.123573
70.000000    110.000000  0.130208
70.000000    115.000000  0.135877
70.000000    120.000000  0.140677
70.000000    125.000000  0.144689
70.000000    130.000000  0.147977
70.000000    135.000000  0.150591
70.000000    140.000000  0.152568
70.000000    145.000000  0.153932
70.000000    150.000000  0.154692
70.000000    155.000000  0.154834
70.000000    160.000000  0.154756
70.000000    165.000000  0.157554
70.000000    170.000000  0.160447
70.000000    175.000000  0.161831
70.000000    180.000000  0.162058
75.000000    0.000000  0.054676
75.000000    5.000000  0.055119
75.000000    10.000000  0.055152
75.000000    15.000000  0.054813
75.000000    20.000000  0.054140
75.000000    25.000000  0.053174
75.000000    30.000000  0.051961
75.000000    35.000000  0.050549
75.000000    40.000000  0.048984
75.000000    45.000000  0.047309
75.000000    50.000000  0.045551
75.000000    55.000000  0.043724
75.000000    60.000000  0.041827
75.000000    65.000000  0.039868
75.000000    70.000000  0.037866
75.000000    75.000000  0.035812
75.000000    80.000000  0.054869
75.000000    85.000000  0.071327
75.000000    90.000000  0.085440
75.000000    95.000000  0.097584
75.000000    100.000000  0.108052
75.000000    105.000000  0.117078
75.000000    110.000000  0.124852
75.000000    115.000000  0.131524
75.000000    120.000000  0.137220
75.000000    125.000000  0.142038
75.000000    130.000000  0.146060
75.000000    135.000000  0.149352
75.000000    140.000000  0.151963
75.000000    145.000000  0.153932
75.000000    150.000000  0.155284
75.000000    155.000000  0.156025
75.000000    160.000000  0.156141
75.000000    165.000000  0.156044
75.000000    170.000000  0.158626
75.000000    175.000000  0.161117
75.000000    180.000000  0.162048
80.000000    0.000000  0.052852
80.000000    5.000000  0.053781
80.000000    10.000000  0.054260
80.000000    15.000000  0.054334
80.000000    20.000000  0.054041
80.000000    25.000000  0.053419
80.000000    30.000000  0.052512
80.000000    35.000000  0.051367
80.000000    40.000000  0.050032
80.000000    45.000000  0.048558
80.000000    50.000000  0.046985
80.000000    55.000000  0.045344
80.000000    60.000000  0.043650
80.000000    65.000000  0.041901
80.000000    70.000000  0.040103
80.000000    75.000000  0.038275
80.000000    80.000000  0.036403
80.000000    85.000000  0.055483
80.000000    90.000000  0.071986
80.000000    95.000000  0.086147
80.000000    100.000000  0.098334
80.000000    105.000000  0.108835
80.000000    110.000000  0.117884
80.000000    115.000000  0.125671
80.000000    120.000000  0.132349
80.000000    125.000000  0.138043
80.000000    130.000000  0.142855
80.000000    135.000000  0.146866
80.000000    140.000000  0.150144
80.000000    145.000000  0.152740
80.000000    150.000000  0.154692
80.000000    155.000000  0.156025
80.000000    160.000000  0.156746
80.000000    165.000000  0.156840
80.000000    170.000000  0.156729
80.000000    175.000000  0.158925
80.000000    180.000000  0.160782
85.000000    0.000000  0.049885
85.000000    5.000000  0.051382
85.000000    10.000000  0.052343
85.000000    15.000000  0.052861
85.000000    20.000000  0.052982
85.000000    25.000000  0.052744
85.000000    30.000000  0.052187
85.000000    35.000000  0.051355
85.000000    40.000000  0.050296
85.000000    45.000000  0.049060
85.000000    50.000000  0.047698
85.000000    55.000000  0.046253
85.000000    60.000000  0.044757
85.000000    65.000000  0.043222
85.000000    70.000000  0.041649
85.000000    75.000000  0.040041
85.000000    80.000000  0.038416
85.000000    85.000000  0.036756
85.000000    90.000000  0.055849
85.000000    95.000000  0.072379
85.000000    100.000000  0.086559
85.000000    105.000000  0.098753
85.000000    110.000000  0.109247
85.000000    115.000000  0.118280
85.000000    120.000000  0.126042
85.000000    125.000000  0.132689
85.000000    130.000000  0.138350
85.000000    135.000000  0.143126
85.000000    140.000000  0.147102
85.000000    145.000000  0.150347
85.000000    150.000000  0.152911
85.000000    155.000000  0.154834
85.000000    160.000000  0.156141
85.000000    165.000000  0.156840
85.000000    170.000000  0.156915
85.000000    175.000000  0.156792
85.000000    180.000000  0.158127
90.000000    0.000000  0.046964
90.000000    5.000000  0.048428
90.000000    10.000000  0.049941
90.000000    15.000000  0.050924
90.000000    20.000000  0.051470
90.000000    25.000000  0.051628
90.000000    30.000000  0.051434
90.000000    35.000000  0.050930
90.000000    40.000000  0.050161
90.000000    45.000000  0.049174
90.000000    50.000000  0.048023
90.000000    55.000000  0.046758
90.000000    60.000000  0.045423
90.000000    65.000000  0.044051
90.000000    70.000000  0.042655
90.000000    75.000000  0.041235
90.000000    80.000000  0.039793
90.000000    85.000000  0.038346
90.000000    90.000000  0.036872
90.000000    95.000000  0.055971
90.000000    100.000000  0.072511
90.000000    105.000000  0.086703
90.000000    110.000000  0.098901
90.000000    115.000000  0.109391
90.000000    120.000000  0.118411
90.000000    125.000000  0.126152
90.000000    130.000000  0.132774
90.000000    135.000000  0.138405
90.000000    140.000000  0.143152
90.000000    145.000000  0.147099
90.000000    150.000000  0.150316
90.000000    155.000000  0.152855
90.000000    160.000000  0.154756
90.000000    165.000000  0.156044
90.000000    170.000000  0.156729
90.000000    175.000000  0.156792
90.000000    180.000000  0.156664
95.000000    0.000000  0.049885
95.000000    5.000000  0.048428
95.000000    10.000000  0.050316
95.000000    15.000000  0.052383
95.000000    20.000000  0.053658
95.000000    25.000000  0.054380
95.000000    30.000000  0.054654
95.000000    35.000000  0.054544
95.000000    40.000000  0.054104
95.000000    45.000000  0.053385
95.000000    50.000000  0.052441
95.000000    55.000000  0.051325
95.000000    60.000000  0.050091
95.000000    65.000000  0.048783
95.000000    70.000000  0.047434
95.000000    75.000000  0.046059
95.000000    80.000000  0.044657
95.000000    85.000000  0.043232
95.000000    90.000000  0.041799
95.000000    95.000000  0.040337
95.000000    100.000000  0.059429
95.000000    105.000000  0.075955
95.000000    110.000000  0.090126
95.000000    115.000000  0.102299
95.000000    120.000000  0.112761
95.000000    125.000000  0.121748
95.000000    130.000000  0.129455
95.000000    135.000000  0.136038
95.000000    140.000000  0.141627
95.000000    145.000000  0.146323
95.000000    150.000000  0.150211
95.000000    155.000000  0.153353
95.000000    160.000000  0.155793
95.000000    165.000000  0.157554
95.000000    170.000000  0.158626
95.000000    175.000000  0.158925
95.000000    180.000000  0.158127
100.000000    0.000000  0.052852
100.000000    5.000000  0.051382
100.000000    10.000000  0.049941
100.000000    15.000000  0.052383
100.000000    20.000000  0.055062
100.000000    25.000000  0.056720
100.000000    30.000000  0.057704
100.000000    35.000000  0.058172
100.000000    40.000000  0.058213
100.000000    45.000000  0.057894
100.000000    50.000000  0.057278
100.000000    55.000000  0.056422
100.000000    60.000000  0.055385
100.000000    65.000000  0.054220
100.000000    70.000000  0.052975
100.000000    75.000000  0.051684
100.000000    80.000000  0.050361
100.000000    85.000000  0.049006
100.000000    90.000000  0.047622
100.000000    95.000000  0.046226
100.000000    100.000000  0.044796
100.000000    105.000000  0.063872
100.000000    110.000000  0.080356
100.000000    115.000000  0.094468
100.000000    120.000000  0.106570
100.000000    125.000000  0.116952
100.000000    130.000000  0.125855
100.000000    135.000000  0.133470
100.000000    140.000000  0.139955
100.000000    145.000000  0.145436
100.000000    150.000000  0.150012
100.000000    155.000000  0.153761
100.000000    160.000000  0.156737
100.000000    165.000000  0.158967
100.000000    170.000000  0.160447
100.000000    175.000000  0.161117
100.000000    180.000000  0.160782
105.000000    0.000000  0.054676
105.000000    5.000000  0.053781
105.000000    10.000000  0.052343
105.000000    15.000000  0.050924
105.000000    20.000000  0.053658
105.000000    25.000000  0.056720
105.000000    30.000000  0.058678
105.000000    35.000000  0.059904
105.000000    40.000000  0.060569
105.000000    45.000000  0.060775
105.000000    50.000000  0.060599
105.000000    55.000000  0.060110
105.000000    60.000000  0.059369
105.000000    65.000000  0.058435
105.000000    70.000000  0.057367
105.000000    75.000000  0.056212
105.000000    80.000000  0.055002
105.000000    85.000000  0.053755
105.000000    90.000000  0.052468
105.000000    95.000000  0.051146
105.000000    100.000000  0.049805
105.000000    105.000000  0.048423
105.000000    110.000000  0.067471
105.000000    115.000000  0.083886
105.000000    120.000000  0.097900
105.000000    125.000000  0.109887
105.000000    130.000000  0.120143
105.000000    135.000000  0.128909
105.000000    140.000000  0.136381
105.000000    145.000000  0.142715
105.000000    150.000000  0.148034
105.000000    155.000000  0.152435
105.000000    160.000000  0.155987
105.000000    165.000000  0.158736
105.000000    170.000000  0.160693
105.000000    175.000000  0.161831
105.000000    180.000000  0.162048
110.000000    0.000000  0.055524
110.000000    5.000000  0.055119
110.000000    10.000000  0.054260
110.000000    15.000000  0.052861
110.000000    20.000000  0.051470
110.000000    25.000000  0.054380
110.000000    30.000000  0.057704
110.000000    35.000000  0.059904
110.000000    40.000000  0.061343
110.000000    45.000000  0.062196
110.000000    50.000000  0.062571
110.000000    55.000000  0.062548
110.000000    60.000000  0.062200
110.000000    65.000000  0.061590
110.000000    70.000000  0.060780
110.000000    75.000000  0.059828
110.000000    80.000000  0.058782
110.000000    85.000000  0.057675
110.000000    90.000000  0.056522
110.000000    95.000000  0.055321
110.000000    100.000000  0.054077
110.000000    105.000000  0.052806
110.000000    110.000000  0.051484
110.000000    115.000000  0.070493
110.000000    120.000000  0.086808
110.000000    125.000000  0.100685
110.000000    130.000000  0.112511
110.000000    135.000000  0.122591
110.000000    140.000000  0.131172
110.000000    145.000000  0.138450
110.000000    150.000000  0.144582
110.000000    155.000000  0.149691
110.000000    160.000000  0.153868
110.000000    165.000000  0.157176
110.000000    170.000000  0.159652
110.000000    175.000000  0.161295
110.000000    180.000000  0.162058
115.000000    0.000000  0.055481
115.000000    5.000000  0.055520
115.000000    10.000000  0.055152
115.000000    15.000000  0.054334
115.000000    20.000000  0.052982
115.000000    25.000000  0.051628
115.000000    30.000000  0.054654
115.000000    35.000000  0.058172
115.000000    40.000000  0.060569
115.000000    45.000000  0.062196
115.000000    50.000000  0.063226
115.000000    55.000000  0.063767
115.000000    60.000000  0.063901
115.000000    65.000000  0.063702
115.000000    70.000000  0.063236
115.000000    75.000000  0.062563
115.000000    80.000000  0.061743
115.000000    85.000000  0.060822
115.000000    90.000000  0.059832
115.000000    95.000000  0.058788
115.000000    100.000000  0.057688
115.000000    105.000000  0.056535
115.000000    110.000000  0.055344
115.000000    115.000000  0.054091
115.000000    120.000000  0.073047
115.000000    125.000000  0.089231
115.000000    130.000000  0.102929
115.000000    135.000000  0.114545
115.000000    140.000000  0.124398
115.000000    145.000000  0.132742
115.000000    150.000000  0.139777
115.000000    155.000000  0.145659
115.000000    160.000000  0.150511
115.000000    165.000000  0.154420
115.000000    170.000000  0.157444
115.000000    175.000000  0.159612
115.000000    180.000000  0.160912
120.000000    0.000000  0.054621
120.000000    5.000000  0.055067
120.000000    10.000000  0.055142
120.000000    15.000000  0.054813
120.000000    20.000000  0.054041
120.000000    25.000000  0.052744
120.000000    30.000000  0.051434
120.000000    35.000000  0.054544
120.000000    40.000000  0.058213
120.000000    45.000000  0.060775
120.000000    50.000000  0.062571
120.000000    55.000000  0.063767
120.000000    60.000000  0.064470
120.000000    65.000000  0.064763
120.000000    70.000000  0.064719
120.000000    75.000000  0.064405
120.000000    80.000000  0.063880
120.000000    85.000000  0.063203
120.000000    90.000000  0.062420
120.000000    95.000000  0.061560
120.000000    100.000000  0.060636
120.000000    105.000000  0.059646
120.000000    110.000000  0.058592
120.000000    115.000000  0.057488
120.000000    120.000000  0.056311
120.000000    125.000000  0.075199
120.000000    130.000000  0.091215
120.000000    135.000000  0.104685
120.000000    140.000000  0.116039
120.000000    145.000000  0.125611
120.000000    150.000000  0.133664
120.000000    155.000000  0.140403
120.000000    160.000000  0.145987
120.000000    165.000000  0.150537
120.000000    170.000000  0.154136
120.000000    175.000000  0.156839
120.000000    180.000000  0.158668
125.000000    0.000000  0.053025
125.000000    5.000000  0.053837
125.000000    10.000000  0.054315
125.000000    15.000000  0.054426
125.000000    20.000000  0.054140
125.000000    25.000000  0.053419
125.000000    30.000000  0.052187
125.000000    35.000000  0.050930
125.000000    40.000000  0.054104
125.000000    45.000000  0.057894
125.000000    50.000000  0.060599
125.000000    55.000000  0.062548
125.000000    60.000000  0.063901
125.000000    65.000000  0.064763
125.000000    70.000000  0.065216
125.000000    75.000000  0.065331
125.000000    80.000000  0.065175
125.000000    85.000000  0.064806
125.000000    90.000000  0.064282
125.000000    95.000000  0.063644
125.000000    100.000000  0.062922
125.000000    105.000000  0.062126
125.000000    110.000000  0.061252
125.000000    115.000000  0.060302
125.000000    120.000000  0.059290
125.000000    125.000000  0.058189
125.000000    130.000000  0.076991
125.000000    135.000000  0.092797
125.000000    140.000000  0.105984
125.000000    145.000000  0.117016
125.000000    150.000000  0.126247
125.000000    155.000000  0.133952
125.000000    160.000000  0.140341
125.000000    165.000000  0.145576
125.000000    170.000000  0.149776
125.000000    175.000000  0.153024
125.000000    180.000000  0.155371
130.000000    0.000000  0.050774
130.000000    5.000000  0.051912
130.000000    10.000000  0.052753
130.000000    15.000000  0.053262
130.000000    20.000000  0.053412
130.000000    25.000000  0.053174
130.000000    30.000000  0.052512
130.000000    35.000000  0.051355
130.000000    40.000000  0.050161
130.000000    45.000000  0.053385
130.000000    50.000000  0.057278
130.000000    55.000000  0.060110
130.000000    60.000000  0.062200
130.000000    65.000000  0.063702
130.000000    70.000000  0.064719
130.000000    75.000000  0.065331
130.000000    80.000000  0.065608
130.000000    85.000000  0.065614
130.000000    90.000000  0.065407
130.000000    95.000000  0.065040
130.000000    100.000000  0.064554
130.000000    105.000000  0.063974
130.000000    110.000000  0.063309
130.000000    115.000000  0.062553
130.000000    120.000000  0.061708
130.000000    125.000000  0.060787
130.000000    130.000000  0.059763
130.000000    135.000000  0.078455
130.000000    140.000000  0.093999
130.000000    145.000000  0.106839
130.000000    150.000000  0.117482
130.000000    155.000000  0.126304
130.000000    160.000000  0.133596
130.000000    165.000000  0.139575
130.000000    170.000000  0.144406
130.000000    175.000000  0.148209
130.000000    180.000000  0.151063
135.000000    0.000000  0.047943
135.000000    5.000000  0.049372
135.000000    10.000000  0.050537
135.000000    15.000000  0.051406
135.000000    20.000000  0.051951
135.000000    25.000000  0.052145
135.000000    30.000000  0.051961
135.000000    35.000000  0.051367
135.000000    40.000000  0.050296
135.000000    45.000000  0.049174
135.000000    50.000000  0.052441
135.000000    55.000000  0.056422
135.000000    60.000000  0.059369
135.000000    65.000000  0.061590
135.000000    70.000000  0.063236
135.000000    75.000000  0.064405
135.000000    80.000000  0.065175
135.000000    85.000000  0.065614
135.000000    90.000000  0.065785
135.000000    95.000000  0.065742
135.000000    100.000000  0.065535
135.000000    105.000000  0.065201
135.000000    110.000000  0.064764
135.000000    115.000000  0.064228
135.000000    120.000000  0.063589
135.000000    125.000000  0.062846
135.000000    130.000000  0.062011
135.000000    135.000000  0.061058
135.000000    140.000000  0.079612
135.000000    145.000000  0.094831
135.000000    150.000000  0.107246
135.000000    155.000000  0.117418
135.000000    160.000000  0.125753
135.000000    165.000000  0.132560
135.000000    170.000000  0.138064
135.000000    175.000000  0.142432
135.000000    180.000000  0.145786
140.000000    0.000000  0.044588
140.000000    5.000000  0.046282
140.000000    10.000000  0.047741
140.000000    15.000000  0.048936
140.000000    20.000000  0.049840
140.000000    25.000000  0.050426
140.000000    30.000000  0.050670
140.000000    35.000000  0.050549
140.000000    40.000000  0.050032
140.000000    45.000000  0.049060
140.000000    50.000000  0.048023
140.000000    55.000000  0.051325
140.000000    60.000000  0.055385
140.000000    65.000000  0.058435
140.000000    70.000000  0.060780
140.000000    75.000000  0.062563
140.000000    80.000000  0.063880
140.000000    85.000000  0.064806
140.000000    90.000000  0.065407
140.000000    95.000000  0.065742
140.000000    100.000000  0.065861
140.000000    105.000000  0.065812
140.000000    110.000000  0.065629
140.000000    115.000000  0.065330
140.000000    120.000000  0.064919
140.000000    125.000000  0.064389
140.000000    130.000000  0.063740
140.000000    135.000000  0.062984
140.000000    140.000000  0.062094
140.000000    145.000000  0.080473
140.000000    150.000000  0.095285
140.000000    155.000000  0.107179
140.000000    160.000000  0.116783
140.000000    165.000000  0.124542
140.000000    170.000000  0.130781
140.000000    175.000000  0.135736
140.000000    180.000000  0.139578
145.000000    0.000000  0.040735
145.000000    5.000000  0.042685
145.000000    10.000000  0.044420
145.000000    15.000000  0.045916
145.000000    20.000000  0.047149
145.000000    25.000000  0.048094
145.000000    30.000000  0.048729
145.000000    35.000000  0.049033
145.000000    40.000000  0.048984
145.000000    45.000000  0.048558
145.000000    50.000000  0.047698
145.000000    55.000000  0.046758
145.000000    60.000000  0.050091
145.000000    65.000000  0.054220
145.000000    70.000000  0.057367
145.000000    75.000000  0.059828
145.000000    80.000000  0.061743
145.000000    85.000000  0.063203
145.000000    90.000000  0.064282
145.000000    95.000000  0.065040
145.000000    100.000000  0.065535
145.000000    105.000000  0.065812
145.000000    110.000000  0.065916
145.000000    115.000000  0.065876
145.000000    120.000000  0.065707
145.000000    125.000000  0.065411
145.000000    130.000000  0.064979
145.000000    135.000000  0.064414
145.000000    140.000000  0.063726
145.000000    145.000000  0.062890
145.000000    150.000000  0.081041
145.000000    155.000000  0.095337
145.000000    160.000000  0.106589
145.000000    165.000000  0.115508
145.000000    170.000000  0.122583
145.000000    175.000000  0.128160
145.000000    180.000000  0.132484
150.000000    0.000000  0.036374
150.000000    5.000000  0.038588
150.000000    10.000000  0.040597
150.000000    15.000000  0.042382
150.000000    20.000000  0.043926
150.000000    25.000000  0.045206
150.000000    30.000000  0.046203
150.000000    35.000000  0.046898
150.000000    40.000000  0.047272
150.000000    45.000000  0.047309
150.000000    50.000000  0.046985
150.000000    55.000000  0.046253
150.000000    60.000000  0.045423
150.000000    65.000000  0.048783
150.000000    70.000000  0.052975
150.000000    75.000000  0.056212
150.000000    80.000000  0.058782
150.000000    85.000000  0.060822
150.000000    90.000000  0.062420
150.000000    95.000000  0.063644
150.000000    100.000000  0.064554
150.000000    105.000000  0.065201
150.000000    110.000000  0.065629
150.000000    115.000000  0.065876
150.000000    120.000000  0.065967
150.000000    125.000000  0.065915
150.000000    130.000000  0.065720
150.000000    135.000000  0.065374
150.000000    140.000000  0.064879
150.000000    145.000000  0.064248
150.000000    150.000000  0.063456
150.000000    155.000000  0.081304
150.000000    160.000000  0.094940
150.000000    165.000000  0.105392
150.000000    170.000000  0.113480
150.000000    175.000000  0.119743
150.000000    180.000000  0.124550
155.000000    0.000000  0.031471
155.000000    5.000000  0.033966
155.000000    10.000000  0.036259
155.000000    15.000000  0.038336
155.000000    20.000000  0.040185
155.000000    25.000000  0.041788
155.000000    30.000000  0.043129
155.000000    35.000000  0.044190
155.000000    40.000000  0.044957
155.000000    45.000000  0.045416
155.000000    50.000000  0.045551
155.000000    55.000000  0.045344
155.000000    60.000000  0.044757
155.000000    65.000000  0.044051
155.000000    70.000000  0.047434
155.000000    75.000000  0.051684
155.000000    80.000000  0.055002
155.000000    85.000000  0.057675
155.000000    90.000000  0.059832
155.000000    95.000000  0.061560
155.000000    100.000000  0.062922
155.000000    105.000000  0.063974
155.000000    110.000000  0.064764
155.000000    115.000000  0.065330
155.000000    120.000000  0.065707
155.000000    125.000000  0.065915
155.000000    130.000000  0.065965
155.000000    135.000000  0.065856
155.000000    140.000000  0.065581
155.000000    145.000000  0.065144
155.000000    150.000000  0.064557
155.000000    155.000000  0.063800
155.000000    160.000000  0.081232
155.000000    165.000000  0.094000
155.000000    170.000000  0.103445
155.000000    175.000000  0.110520
155.000000    180.000000  0.115820
160.000000    0.000000  0.026009
160.000000    5.000000  0.028786
160.000000    10.000000  0.031373
160.000000    15.000000  0.033753
160.000000    20.000000  0.035911
160.000000    25.000000  0.037835
160.000000    30.000000  0.039511
160.000000    35.000000  0.040926
160.000000    40.000000  0.042065
160.000000    45.000000  0.042919
160.000000    50.000000  0.043475
160.000000    55.000000  0.043724
160.000000    60.000000  0.043650
160.000000    65.000000  0.043222
160.000000    70.000000  0.042655
160.000000    75.000000  0.046059
160.000000    80.000000  0.050361
160.000000    85.000000  0.053755
160.000000    90.000000  0.056522
160.000000    95.000000  0.058788
160.000000    100.000000  0.060636
160.000000    105.000000  0.062126
160.000000    110.000000  0.063309
160.000000    115.000000  0.064228
160.000000    120.000000  0.064919
160.000000    125.000000  0.065411
160.000000    130.000000  0.065720
160.000000    135.000000  0.065856
160.000000    140.000000  0.065818
160.000000    145.000000  0.065600
160.000000    150.000000  0.065210
160.000000    155.000000  0.064658
160.000000    160.000000  0.063929
160.000000    165.000000  0.080762
160.000000    170.000000  0.092357
160.000000    175.000000  0.100512
160.000000    180.000000  0.106346
165.000000    0.000000  0.020047
165.000000    5.000000  0.023068
165.000000    10.000000  0.025932
165.000000    15.000000  0.028610
165.000000    20.000000  0.031081
165.000000    25.000000  0.033328
165.000000    30.000000  0.035338
165.000000    35.000000  0.037098
165.000000    40.000000  0.038598
165.000000    45.000000  0.039829
165.000000    50.000000  0.040782
165.000000    55.000000  0.041451
165.000000    60.000000  0.041827
165.000000    65.000000  0.041901
165.000000    70.000000  0.041649
165.000000    75.000000  0.041235
165.000000    80.000000  0.044657
165.000000    85.000000  0.049006
165.000000    90.000000  0.052468
165.000000    95.000000  0.055321
165.000000    100.000000  0.057688
165.000000    105.000000  0.059646
165.000000    110.000000  0.061252
165.000000    115.000000  0.062553
165.000000    120.000000  0.063589
165.000000    125.000000  0.064389
165.000000    130.000000  0.064979
165.000000    135.000000  0.065374
165.000000    140.000000  0.065581
165.000000    145.000000  0.065600
165.000000    150.000000  0.065430
165.000000    155.000000  0.065078
165.000000    160.000000  0.064553
165.000000    165.000000  0.063842
165.000000    170.000000  0.079749
165.000000    175.000000  0.089697
165.000000    180.000000  0.096178
170.000000    0.000000  0.013700
170.000000    5.000000  0.016905
170.000000    10.000000  0.019997
170.000000    15.000000  0.022942
170.000000    20.000000  0.025708
170.000000    25.000000  0.028270
170.000000    30.000000  0.030608
170.000000    35.000000  0.032710
170.000000    40.000000  0.034563
170.000000    45.000000  0.036159
170.000000    50.000000  0.037492
170.000000    55.000000  0.038557
170.000000    60.000000  0.039350
170.000000    65.000000  0.039868
170.000000    70.000000  0.040103
170.000000    75.000000  0.040041
170.000000    80.000000  0.039793
170.000000    85.000000  0.043232
170.000000    90.000000  0.047622
170.000000    95.000000  0.051146
170.000000    100.000000  0.054077
170.000000    105.000000  0.056535
170.000000    110.000000  0.058592
170.000000    115.000000  0.060302
170.000000    120.000000  0.061708
170.000000    125.000000  0.062846
170.000000    130.000000  0.063740
170.000000    135.000000  0.064414
170.000000    140.000000  0.064879
170.000000    145.000000  0.065144
170.000000    150.000000  0.065210
170.000000    155.000000  0.065078
170.000000    160.000000  0.064755
170.000000    165.000000  0.064246
170.000000    170.000000  0.063539
170.000000    175.000000  0.077846
170.000000    180.000000  0.085369
175.000000    0.000000  0.007085
175.000000    5.000000  0.010421
175.000000    10.000000  0.013683
175.000000    15.000000  0.016841
175.000000    20.000000  0.019859
175.000000    25.000000  0.022708
175.000000    30.000000  0.025358
175.000000    35.000000  0.027789
175.000000    40.000000  0.029985
175.000000    45.000000  0.031937
175.000000    50.000000  0.033637
175.000000    55.000000  0.035081
175.000000    60.000000  0.036268
175.000000    65.000000  0.037197
175.000000    70.000000  0.037866
175.000000    75.000000  0.038275
175.000000    80.000000  0.038416
175.000000    85.000000  0.038346
175.000000    90.000000  0.041799
175.000000    95.000000  0.046226
175.000000    100.000000  0.049805
175.000000    105.000000  0.052806
175.000000    110.000000  0.055344
175.000000    115.000000  0.057488
175.000000    120.000000  0.059290
175.000000    125.000000  0.060787
175.000000    130.000000  0.062011
175.000000    135.000000  0.062984
175.000000    140.000000  0.063726
175.000000    145.000000  0.064248
175.000000    150.000000  0.064557
175.000000    155.000000  0.064658
175.000000    160.000000  0.064553
175.000000    165.000000  0.064246
175.000000    170.000000  0.063736
175.000000    175.000000  0.063014
175.000000    180.000000  0.073946
180.000000    0.000000  0.000335
180.000000    5.000000  0.003723
180.000000    10.000000  0.007104
180.000000    15.000000  0.010416
180.000000    20.000000  0.013628
180.000000    25.000000  0.016709
180.000000    30.000000  0.019630
180.000000    35.000000  0.022362
180.000000    40.000000  0.024882
180.000000    45.000000  0.027173
180.000000    50.000000  0.029225
180.000000    55.000000  0.031033
180.000000    60.000000  0.032594
180.000000    65.000000  0.033910
180.000000    70.000000  0.034982
180.000000    75.000000  0.035812
180.000000    80.000000  0.036403
180.000000    85.000000  0.036756
180.000000    90.000000  0.036872
180.000000    95.000000  0.040337
180.000000    100.000000  0.044796
180.000000    105.000000  0.048423
180.000000    110.000000  0.051484
180.000000    115.000000  0.054091
180.000000    120.000000  0.056311
180.000000    125.000000  0.058189
180.000000    130.000000  0.059763
180.000000    135.000000  0.061058
180.000000    140.000000  0.062094
180.000000    145.000000  0.062890
180.000000    150.000000  0.063456
180.000000    155.000000  0.063800
180.000000    160.000000  0.063929
180.000000    165.000000  0.063842
180.000000    170.000000  0.063539
180.000000    175.000000  0.063014
180.000000    180.000000  0.062280
