0.000000    0.000000  0.021078
0.000000    5.000000  0.021727
0.000000    10.000000  0.023357
0.000000    15.000000  0.025018
0.000000    20.000000  0.027382
0.000000    25.000000  0.030859
0.000000    30.000000  0.035476
0.000000    35.000000  0.040625
0.000000    40.000000  0.044316
0.000000    45.000000  0.047122
0.000000    50.000000  0.050142
0.000000    55.000000  0.053347
0.000000    60.000000  0.056671
0.000000    65.000000  0.060086
0.000000    70.000000  0.063585
0.000000    75.000000  0.067172
0.000000    80.000000  0.070828
0.000000    85.000000  0.074491
0.000000    90.000000  0.078167
0.000000    95.000000  0.082101
0.000000    100.000000  0.086171
0.000000    105.000000  0.090106
0.000000    110.000000  0.093944
0.000000    115.000000  0.097704
0.000000    120.000000  0.101359
0.000000    125.000000  0.104871
0.000000    130.000000  0.108208
0.000000    135.000000  0.111384
0.000000    140.000000  0.114414
0.000000    145.000000  0.117246
0.000000    150.000000  0.119730
0.000000    155.000000  0.121721
0.000000    160.000000  0.123508
0.000000    165.000000  0.125098
0.000000    170.000000  0.126307
0.000000    175.000000  0.127072
0.000000    180.000000  0.127603
5.000000    0.000000  0.022000
5.000000    5.000000  0.021307
5.000000    10.000000  0.021933
5.000000    15.000000  0.023625
5.000000    20.000000  0.025562
5.000000    25.000000  0.028322
5.000000    30.000000  0.032286
5.000000    35.000000  0.037445
5.000000    40.000000  0.043045
5.000000    45.000000  0.046949
5.000000    50.000000  0.049911
5.000000    55.000000  0.053069
5.000000    60.000000  0.056392
5.000000    65.000000  0.059819
5.000000    70.000000  0.063321
5.000000    75.000000  0.066891
5.000000    80.000000  0.070536
5.000000    85.000000  0.074235
5.000000    90.000000  0.077927
5.000000    95.000000  0.081620
5.000000    100.000000  0.085557
5.000000    105.000000  0.089620
5.000000    110.000000  0.093536
5.000000    115.000000  0.097345
5.000000    120.000000  0.101063
5.000000    125.000000  0.104662
5.000000    130.000000  0.108099
5.000000    135.000000  0.111339
5.000000    140.000000  0.114389
5.000000    145.000000  0.117263
5.000000    150.000000  0.119903
5.000000    155.000000  0.122193
5.000000    160.000000  0.124157
5.000000    165.000000  0.125769
5.000000    170.000000  0.126992
5.000000    175.000000  0.127748
5.000000    180.000000  0.127903
10.000000    0.000000  0.024263
10.000000    5.000000  0.022664
10.000000    10.000000  0.021941
10.000000    15.000000  0.022596
10.000000    20.000000  0.024407
10.000000    25.000000  0.026653
10.000000    30.000000  0.029839
10.000000    35.000000  0.034325
10.000000    40.000000  0.040053
10.000000    45.000000  0.046098
10.000000    50.000000  0.050216
10.000000    55.000000  0.053341
10.000000    60.000000  0.056642
10.000000    65.000000  0.060087
10.000000    70.000000  0.063618
10.000000    75.000000  0.067208
10.000000    80.000000  0.070853
10.000000    85.000000  0.074558
10.000000    90.000000  0.078308
10.000000    95.000000  0.082040
10.000000    100.000000  0.085764
10.000000    105.000000  0.089722
10.000000    110.000000  0.093794
10.000000    115.000000  0.097703
10.000000    120.000000  0.101483
10.000000    125.000000  0.105149
10.000000    130.000000  0.108666
10.000000    135.000000  0.111993
10.000000    140.000000  0.115090
10.000000    145.000000  0.117965
10.000000    150.000000  0.120626
10.000000    155.000000  0.123020
10.000000    160.000000  0.125064
10.000000    165.000000  0.126707
10.000000    170.000000  0.127922
10.000000    175.000000  0.128680
10.000000    180.000000  0.128843
15.000000    0.000000  0.026019
15.000000    5.000000  0.025195
15.000000    10.000000  0.023603
15.000000    15.000000  0.022861
15.000000    20.000000  0.023547
15.000000    25.000000  0.025476
15.000000    30.000000  0.028027
15.000000    35.000000  0.031643
15.000000    40.000000  0.036655
15.000000    45.000000  0.042944
15.000000    50.000000  0.049390
15.000000    55.000000  0.053708
15.000000    60.000000  0.056993
15.000000    65.000000  0.060433
15.000000    70.000000  0.064003
15.000000    75.000000  0.067645
15.000000    80.000000  0.071335
15.000000    85.000000  0.075069
15.000000    90.000000  0.078854
15.000000    95.000000  0.082667
15.000000    100.000000  0.086447
15.000000    105.000000  0.090198
15.000000    110.000000  0.094160
15.000000    115.000000  0.098211
15.000000    120.000000  0.102073
15.000000    125.000000  0.105780
15.000000    130.000000  0.109345
15.000000    135.000000  0.112734
15.000000    140.000000  0.115899
15.000000    145.000000  0.118801
15.000000    150.000000  0.121444
15.000000    155.000000  0.123833
15.000000    160.000000  0.125913
15.000000    165.000000  0.127592
15.000000    170.000000  0.128820
15.000000    175.000000  0.129560
15.000000    180.000000  0.129734
20.000000    0.000000  0.027698
20.000000    5.000000  0.027025
20.000000    10.000000  0.026460
20.000000    15.000000  0.024847
20.000000    20.000000  0.024077
20.000000    25.000000  0.024789
20.000000    30.000000  0.026837
20.000000    35.000000  0.029687
20.000000    40.000000  0.033736
20.000000    45.000000  0.039283
20.000000    50.000000  0.046130
20.000000    55.000000  0.052946
20.000000    60.000000  0.057462
20.000000    65.000000  0.060911
20.000000    70.000000  0.064503
20.000000    75.000000  0.068209
20.000000    80.000000  0.071970
20.000000    85.000000  0.075759
20.000000    90.000000  0.079569
20.000000    95.000000  0.083407
20.000000    100.000000  0.087249
20.000000    105.000000  0.091035
20.000000    110.000000  0.094770
20.000000    115.000000  0.098693
20.000000    120.000000  0.102680
20.000000    125.000000  0.106452
20.000000    130.000000  0.110043
20.000000    135.000000  0.113463
20.000000    140.000000  0.116675
20.000000    145.000000  0.119631
20.000000    150.000000  0.122288
20.000000    155.000000  0.124646
20.000000    160.000000  0.126709
20.000000    165.000000  0.128415
20.000000    170.000000  0.129670
20.000000    175.000000  0.130417
20.000000    180.000000  0.130579
25.000000    0.000000  0.029512
25.000000    5.000000  0.028664
25.000000    10.000000  0.028404
25.000000    15.000000  0.028069
25.000000    20.000000  0.026401
25.000000    25.000000  0.025591
25.000000    30.000000  0.026331
25.000000    35.000000  0.028506
25.000000    40.000000  0.031660
25.000000    45.000000  0.036155
25.000000    50.000000  0.042257
25.000000    55.000000  0.049657
25.000000    60.000000  0.056814
25.000000    65.000000  0.061520
25.000000    70.000000  0.065124
25.000000    75.000000  0.068844
25.000000    80.000000  0.072653
25.000000    85.000000  0.076492
25.000000    90.000000  0.080337
25.000000    95.000000  0.084181
25.000000    100.000000  0.088031
25.000000    105.000000  0.091864
25.000000    110.000000  0.095619
25.000000    115.000000  0.099304
25.000000    120.000000  0.103152
25.000000    125.000000  0.107039
25.000000    130.000000  0.110684
25.000000    135.000000  0.114120
25.000000    140.000000  0.117355
25.000000    145.000000  0.120349
25.000000    150.000000  0.123051
25.000000    155.000000  0.125413
25.000000    160.000000  0.127437
25.000000    165.000000  0.129121
25.000000    170.000000  0.130401
25.000000    175.000000  0.131174
25.000000    180.000000  0.131349
30.000000    0.000000  0.031351
30.000000    5.000000  0.030354
30.000000    10.000000  0.030027
30.000000    15.000000  0.030165
30.000000    20.000000  0.030026
30.000000    25.000000  0.028277
30.000000    30.000000  0.027423
30.000000    35.000000  0.028197
30.000000    40.000000  0.030512
30.000000    45.000000  0.033973
30.000000    50.000000  0.038918
30.000000    55.000000  0.045566
30.000000    60.000000  0.053476
30.000000    65.000000  0.060907
30.000000    70.000000  0.065753
30.000000    75.000000  0.069463
30.000000    80.000000  0.073267
30.000000    85.000000  0.077138
30.000000    90.000000  0.081019
30.000000    95.000000  0.084885
30.000000    100.000000  0.088730
30.000000    105.000000  0.092562
30.000000    110.000000  0.096356
30.000000    115.000000  0.100051
30.000000    120.000000  0.103657
30.000000    125.000000  0.107400
30.000000    130.000000  0.111156
30.000000    135.000000  0.114642
30.000000    140.000000  0.117888
30.000000    145.000000  0.120900
30.000000    150.000000  0.123635
30.000000    155.000000  0.126038
30.000000    160.000000  0.128059
30.000000    165.000000  0.129697
30.000000    170.000000  0.130951
30.000000    175.000000  0.131752
30.000000    180.000000  0.131970
35.000000    0.000000  0.032890
35.000000    5.000000  0.031967
35.000000    10.000000  0.031564
35.000000    15.000000  0.031733
35.000000    20.000000  0.032236
35.000000    25.000000  0.032239
35.000000    30.000000  0.030370
35.000000    35.000000  0.029451
35.000000    40.000000  0.030241
35.000000    45.000000  0.032676
35.000000    50.000000  0.036416
35.000000    55.000000  0.041782
35.000000    60.000000  0.048941
35.000000    65.000000  0.057288
35.000000    70.000000  0.064928
35.000000    75.000000  0.069875
35.000000    80.000000  0.073656
35.000000    85.000000  0.077514
35.000000    90.000000  0.081418
35.000000    95.000000  0.085315
35.000000    100.000000  0.089177
35.000000    105.000000  0.093000
35.000000    110.000000  0.096789
35.000000    115.000000  0.100521
35.000000    120.000000  0.104131
35.000000    125.000000  0.107632
35.000000    130.000000  0.111245
35.000000    135.000000  0.114842
35.000000    140.000000  0.118138
35.000000    145.000000  0.121161
35.000000    150.000000  0.123914
35.000000    155.000000  0.126351
35.000000    160.000000  0.128412
35.000000    165.000000  0.130044
35.000000    170.000000  0.131249
35.000000    175.000000  0.132025
35.000000    180.000000  0.132295
40.000000    0.000000  0.033432
40.000000    5.000000  0.033206
40.000000    10.000000  0.032898
40.000000    15.000000  0.033042
40.000000    20.000000  0.033652
40.000000    25.000000  0.034458
40.000000    30.000000  0.034524
40.000000    35.000000  0.032486
40.000000    40.000000  0.031474
40.000000    45.000000  0.032259
40.000000    50.000000  0.034800
40.000000    55.000000  0.038803
40.000000    60.000000  0.044579
40.000000    65.000000  0.052224
40.000000    70.000000  0.060944
40.000000    75.000000  0.068747
40.000000    80.000000  0.073768
40.000000    85.000000  0.077600
40.000000    90.000000  0.081489
40.000000    95.000000  0.085406
40.000000    100.000000  0.089298
40.000000    105.000000  0.093137
40.000000    110.000000  0.096917
40.000000    115.000000  0.100644
40.000000    120.000000  0.104291
40.000000    125.000000  0.107795
40.000000    130.000000  0.111168
40.000000    135.000000  0.114627
40.000000    140.000000  0.118038
40.000000    145.000000  0.121116
40.000000    150.000000  0.123885
40.000000    155.000000  0.126346
40.000000    160.000000  0.128448
40.000000    165.000000  0.130127
40.000000    170.000000  0.131332
40.000000    175.000000  0.132066
40.000000    180.000000  0.132337
45.000000    0.000000  0.033387
45.000000    5.000000  0.033624
45.000000    10.000000  0.033909
45.000000    15.000000  0.034162
45.000000    20.000000  0.034796
45.000000    25.000000  0.035792
45.000000    30.000000  0.036847
45.000000    35.000000  0.036906
45.000000    40.000000  0.034669
45.000000    45.000000  0.033550
45.000000    50.000000  0.034329
45.000000    55.000000  0.036980
45.000000    60.000000  0.041250
45.000000    65.000000  0.047438
45.000000    70.000000  0.055554
45.000000    75.000000  0.064593
45.000000    80.000000  0.072525
45.000000    85.000000  0.077600
45.000000    90.000000  0.081462
45.000000    95.000000  0.085364
45.000000    100.000000  0.089276
45.000000    105.000000  0.093144
45.000000    110.000000  0.096940
45.000000    115.000000  0.100657
45.000000    120.000000  0.104301
45.000000    125.000000  0.107843
45.000000    130.000000  0.111216
45.000000    135.000000  0.114436
45.000000    140.000000  0.117713
45.000000    145.000000  0.120908
45.000000    150.000000  0.123733
45.000000    155.000000  0.126212
45.000000    160.000000  0.128343
45.000000    165.000000  0.130070
45.000000    170.000000  0.131327
45.000000    175.000000  0.132066
45.000000    180.000000  0.132305
50.000000    0.000000  0.033432
50.000000    5.000000  0.033624
50.000000    10.000000  0.034281
50.000000    15.000000  0.035048
50.000000    20.000000  0.035811
50.000000    25.000000  0.036883
50.000000    30.000000  0.038220
50.000000    35.000000  0.039477
50.000000    40.000000  0.039465
50.000000    45.000000  0.037005
50.000000    50.000000  0.035771
50.000000    55.000000  0.036546
50.000000    60.000000  0.039316
50.000000    65.000000  0.043862
50.000000    70.000000  0.050472
50.000000    75.000000  0.059044
50.000000    80.000000  0.068350
50.000000    85.000000  0.076380
50.000000    90.000000  0.081489
50.000000    95.000000  0.085364
50.000000    100.000000  0.089262
50.000000    105.000000  0.093150
50.000000    110.000000  0.096974
50.000000    115.000000  0.100708
50.000000    120.000000  0.104342
50.000000    125.000000  0.107880
50.000000    130.000000  0.111292
50.000000    135.000000  0.114510
50.000000    140.000000  0.117548
50.000000    145.000000  0.120613
50.000000    150.000000  0.123557
50.000000    155.000000  0.126091
50.000000    160.000000  0.128239
50.000000    165.000000  0.129995
50.000000    170.000000  0.131303
50.000000    175.000000  0.132097
50.000000    180.000000  0.132337
55.000000    0.000000  0.033505
55.000000    5.000000  0.033686
55.000000    10.000000  0.034303
55.000000    15.000000  0.035368
55.000000    20.000000  0.036579
55.000000    25.000000  0.037802
55.000000    30.000000  0.039265
55.000000    35.000000  0.040898
55.000000    40.000000  0.042309
55.000000    45.000000  0.042165
55.000000    50.000000  0.039463
55.000000    55.000000  0.038110
55.000000    60.000000  0.038885
55.000000    65.000000  0.041785
55.000000    70.000000  0.046621
55.000000    75.000000  0.053660
55.000000    80.000000  0.062662
55.000000    85.000000  0.072184
55.000000    90.000000  0.080282
55.000000    95.000000  0.085406
55.000000    100.000000  0.089276
55.000000    105.000000  0.093150
55.000000    110.000000  0.096995
55.000000    115.000000  0.100757
55.000000    120.000000  0.104406
55.000000    125.000000  0.107934
55.000000    130.000000  0.111343
55.000000    135.000000  0.114600
55.000000    140.000000  0.117634
55.000000    145.000000  0.120461
55.000000    150.000000  0.123278
55.000000    155.000000  0.125932
55.000000    160.000000  0.128133
55.000000    165.000000  0.129904
55.000000    170.000000  0.131239
55.000000    175.000000  0.132083
55.000000    180.000000  0.132374
60.000000    0.000000  0.033463
60.000000    5.000000  0.033705
60.000000    10.000000  0.034321
60.000000    15.000000  0.035354
60.000000    20.000000  0.036805
60.000000    25.000000  0.038424
60.000000    30.000000  0.040058
60.000000    35.000000  0.041867
60.000000    40.000000  0.043757
60.000000    45.000000  0.045272
60.000000    50.000000  0.044943
60.000000    55.000000  0.041994
60.000000    60.000000  0.040525
60.000000    65.000000  0.041307
60.000000    70.000000  0.044349
60.000000    75.000000  0.049488
60.000000    80.000000  0.056958
60.000000    85.000000  0.066347
60.000000    90.000000  0.076038
60.000000    95.000000  0.084178
60.000000    100.000000  0.089298
60.000000    105.000000  0.093144
60.000000    110.000000  0.096974
60.000000    115.000000  0.100757
60.000000    120.000000  0.104434
60.000000    125.000000  0.107978
60.000000    130.000000  0.111377
60.000000    135.000000  0.114630
60.000000    140.000000  0.117704
60.000000    145.000000  0.120523
60.000000    150.000000  0.123103
60.000000    155.000000  0.125633
60.000000    160.000000  0.127953
60.000000    165.000000  0.129771
60.000000    170.000000  0.131114
60.000000    175.000000  0.131978
60.000000    180.000000  0.132313
65.000000    0.000000  0.033321
65.000000    5.000000  0.033610
65.000000    10.000000  0.034286
65.000000    15.000000  0.035323
65.000000    20.000000  0.036748
65.000000    25.000000  0.038557
65.000000    30.000000  0.040541
65.000000    35.000000  0.042540
65.000000    40.000000  0.044654
65.000000    45.000000  0.046762
65.000000    50.000000  0.048328
65.000000    55.000000  0.047768
65.000000    60.000000  0.044573
65.000000    65.000000  0.042996
65.000000    70.000000  0.043796
65.000000    75.000000  0.046994
65.000000    80.000000  0.052448
65.000000    85.000000  0.060346
65.000000    90.000000  0.070070
65.000000    95.000000  0.079887
65.000000    100.000000  0.088040
65.000000    105.000000  0.093137
65.000000    110.000000  0.096940
65.000000    115.000000  0.100708
65.000000    120.000000  0.104406
65.000000    125.000000  0.107978
65.000000    130.000000  0.111392
65.000000    135.000000  0.114636
65.000000    140.000000  0.117707
65.000000    145.000000  0.120567
65.000000    150.000000  0.123137
65.000000    155.000000  0.125433
65.000000    160.000000  0.127633
65.000000    165.000000  0.129569
65.000000    170.000000  0.130954
65.000000    175.000000  0.131819
65.000000    180.000000  0.132171
70.000000    0.000000  0.033149
70.000000    5.000000  0.033450
70.000000    10.000000  0.034168
70.000000    15.000000  0.035261
70.000000    20.000000  0.036691
70.000000    25.000000  0.038475
70.000000    30.000000  0.040607
70.000000    35.000000  0.042915
70.000000    40.000000  0.045234
70.000000    45.000000  0.047614
70.000000    50.000000  0.049900
70.000000    55.000000  0.051461
70.000000    60.000000  0.050631
70.000000    65.000000  0.047191
70.000000    70.000000  0.045513
70.000000    75.000000  0.046342
70.000000    80.000000  0.049713
70.000000    85.000000  0.055499
70.000000    90.000000  0.063817
70.000000    95.000000  0.073821
70.000000    100.000000  0.083722
70.000000    105.000000  0.091864
70.000000    110.000000  0.096917
70.000000    115.000000  0.100657
70.000000    120.000000  0.104342
70.000000    125.000000  0.107934
70.000000    130.000000  0.111377
70.000000    135.000000  0.114636
70.000000    140.000000  0.117697
70.000000    145.000000  0.120555
70.000000    150.000000  0.123167
70.000000    155.000000  0.125451
70.000000    160.000000  0.127424
70.000000    165.000000  0.129247
70.000000    170.000000  0.130748
70.000000    175.000000  0.131649
70.000000    180.000000  0.131996
75.000000    0.000000  0.033025
75.000000    5.000000  0.033300
75.000000    10.000000  0.034023
75.000000    15.000000  0.035151
75.000000    20.000000  0.036631
75.000000    25.000000  0.038419
75.000000    30.000000  0.040526
75.000000    35.000000  0.042947
75.000000    40.000000  0.045539
75.000000    45.000000  0.048136
75.000000    50.000000  0.050745
75.000000    55.000000  0.053171
75.000000    60.000000  0.054666
75.000000    65.000000  0.053534
75.000000    70.000000  0.049854
75.000000    75.000000  0.048084
75.000000    80.000000  0.048953
75.000000    85.000000  0.052515
75.000000    90.000000  0.058649
75.000000    95.000000  0.067375
75.000000    100.000000  0.077605
75.000000    105.000000  0.087553
75.000000    110.000000  0.095656
75.000000    115.000000  0.100644
75.000000    120.000000  0.104301
75.000000    125.000000  0.107880
75.000000    130.000000  0.111343
75.000000    135.000000  0.114630
75.000000    140.000000  0.117707
75.000000    145.000000  0.120555
75.000000    150.000000  0.123166
75.000000    155.000000  0.125495
75.000000    160.000000  0.127453
75.000000    165.000000  0.129058
75.000000    170.000000  0.130454
75.000000    175.000000  0.131468
75.000000    180.000000  0.131841
80.000000    0.000000  0.032891
80.000000    5.000000  0.033175
80.000000    10.000000  0.033876
80.000000    15.000000  0.035007
80.000000    20.000000  0.036518
80.000000    25.000000  0.038353
80.000000    30.000000  0.040464
80.000000    35.000000  0.042860
80.000000    40.000000  0.045538
80.000000    45.000000  0.048379
80.000000    50.000000  0.051217
80.000000    55.000000  0.054021
80.000000    60.000000  0.056546
80.000000    65.000000  0.057913
80.000000    70.000000  0.056459
80.000000    75.000000  0.052543
80.000000    80.000000  0.050692
80.000000    85.000000  0.051615
80.000000    90.000000  0.055386
80.000000    95.000000  0.061883
80.000000    100.000000  0.070995
80.000000    105.000000  0.081397
80.000000    110.000000  0.091353
80.000000    115.000000  0.099391
80.000000    120.000000  0.104291
80.000000    125.000000  0.107843
80.000000    130.000000  0.111292
80.000000    135.000000  0.114600
80.000000    140.000000  0.117704
80.000000    145.000000  0.120567
80.000000    150.000000  0.123167
80.000000    155.000000  0.125495
80.000000    160.000000  0.127498
80.000000    165.000000  0.129086
80.000000    170.000000  0.130277
80.000000    175.000000  0.131186
80.000000    180.000000  0.131653
85.000000    0.000000  0.032583
85.000000    5.000000  0.032956
85.000000    10.000000  0.033677
85.000000    15.000000  0.034795
85.000000    20.000000  0.036313
85.000000    25.000000  0.038180
85.000000    30.000000  0.040338
85.000000    35.000000  0.042740
85.000000    40.000000  0.045394
85.000000    45.000000  0.048301
85.000000    50.000000  0.051358
85.000000    55.000000  0.054405
85.000000    60.000000  0.057372
85.000000    65.000000  0.059954
85.000000    70.000000  0.061137
85.000000    75.000000  0.059356
85.000000    80.000000  0.055221
85.000000    85.000000  0.053302
85.000000    90.000000  0.054292
85.000000    95.000000  0.058287
85.000000    100.000000  0.065155
85.000000    105.000000  0.074611
85.000000    110.000000  0.085133
85.000000    115.000000  0.095063
85.000000    120.000000  0.103006
85.000000    125.000000  0.107795
85.000000    130.000000  0.111216
85.000000    135.000000  0.114510
85.000000    140.000000  0.117634
85.000000    145.000000  0.120523
85.000000    150.000000  0.123137
85.000000    155.000000  0.125451
85.000000    160.000000  0.127453
85.000000    165.000000  0.129086
85.000000    170.000000  0.130253
85.000000    175.000000  0.130981
85.000000    180.000000  0.131327
90.000000    0.000000  0.032350
90.000000    5.000000  0.032682
90.000000    10.000000  0.033482
90.000000    15.000000  0.034620
90.000000    20.000000  0.036126
90.000000    25.000000  0.037999
90.000000    30.000000  0.040186
90.000000    35.000000  0.042630
90.000000    40.000000  0.045287
90.000000    45.000000  0.048166
90.000000    50.000000  0.051270
90.000000    55.000000  0.054512
90.000000    60.000000  0.057732
90.000000    65.000000  0.060827
90.000000    70.000000  0.063417
90.000000    75.000000  0.064357
90.000000    80.000000  0.062243
90.000000    85.000000  0.057897
90.000000    90.000000  0.055922
90.000000    95.000000  0.056993
90.000000    100.000000  0.061228
90.000000    105.000000  0.068470
90.000000    110.000000  0.078224
90.000000    115.000000  0.088822
90.000000    120.000000  0.098692
90.000000    125.000000  0.106513
90.000000    130.000000  0.111168
90.000000    135.000000  0.114436
90.000000    140.000000  0.117548
90.000000    145.000000  0.120461
90.000000    150.000000  0.123103
90.000000    155.000000  0.125433
90.000000    160.000000  0.127424
90.000000    165.000000  0.129058
90.000000    170.000000  0.130277
90.000000    175.000000  0.130981
90.000000    180.000000  0.131212
95.000000    0.000000  0.032583
95.000000    5.000000  0.032682
95.000000    10.000000  0.033453
95.000000    15.000000  0.034701
95.000000    20.000000  0.036248
95.000000    25.000000  0.038122
95.000000    30.000000  0.040320
95.000000    35.000000  0.042795
95.000000    40.000000  0.045493
95.000000    45.000000  0.048374
95.000000    50.000000  0.051447
95.000000    55.000000  0.054720
95.000000    60.000000  0.058114
95.000000    65.000000  0.061472
95.000000    70.000000  0.064655
95.000000    75.000000  0.067194
95.000000    80.000000  0.067834
95.000000    85.000000  0.065379
95.000000    90.000000  0.060824
95.000000    95.000000  0.058797
95.000000    100.000000  0.059963
95.000000    105.000000  0.064453
95.000000    110.000000  0.072070
95.000000    115.000000  0.082069
95.000000    120.000000  0.092697
95.000000    125.000000  0.102468
95.000000    130.000000  0.110134
95.000000    135.000000  0.114627
95.000000    140.000000  0.117713
95.000000    145.000000  0.120613
95.000000    150.000000  0.123278
95.000000    155.000000  0.125633
95.000000    160.000000  0.127633
95.000000    165.000000  0.129247
95.000000    170.000000  0.130454
95.000000    175.000000  0.131186
95.000000    180.000000  0.131327
100.000000    0.000000  0.032891
100.000000    5.000000  0.032956
100.000000    10.000000  0.033482
100.000000    15.000000  0.034701
100.000000    20.000000  0.036392
100.000000    25.000000  0.038329
100.000000    30.000000  0.040544
100.000000    35.000000  0.043041
100.000000    40.000000  0.045778
100.000000    45.000000  0.048705
100.000000    50.000000  0.051785
100.000000    55.000000  0.055030
100.000000    60.000000  0.058450
100.000000    65.000000  0.061974
100.000000    70.000000  0.065445
100.000000    75.000000  0.068685
100.000000    80.000000  0.071118
100.000000    85.000000  0.071422
100.000000    90.000000  0.068632
100.000000    95.000000  0.063884
100.000000    100.000000  0.061819
100.000000    105.000000  0.063093
100.000000    110.000000  0.067850
100.000000    115.000000  0.075830
100.000000    120.000000  0.086021
100.000000    125.000000  0.096632
100.000000    130.000000  0.106266
100.000000    135.000000  0.113741
100.000000    140.000000  0.118038
100.000000    145.000000  0.120908
100.000000    150.000000  0.123557
100.000000    155.000000  0.125932
100.000000    160.000000  0.127953
100.000000    165.000000  0.129569
100.000000    170.000000  0.130748
100.000000    175.000000  0.131468
100.000000    180.000000  0.131653
105.000000    0.000000  0.033025
105.000000    5.000000  0.033175
105.000000    10.000000  0.033677
105.000000    15.000000  0.034620
105.000000    20.000000  0.036248
105.000000    25.000000  0.038329
105.000000    30.000000  0.040612
105.000000    35.000000  0.043131
105.000000    40.000000  0.045895
105.000000    45.000000  0.048864
105.000000    50.000000  0.051993
105.000000    55.000000  0.055247
105.000000    60.000000  0.058641
105.000000    65.000000  0.062188
105.000000    70.000000  0.065822
105.000000    75.000000  0.069380
105.000000    80.000000  0.072642
105.000000    85.000000  0.074910
105.000000    90.000000  0.074861
105.000000    95.000000  0.071749
105.000000    100.000000  0.066828
105.000000    105.000000  0.064737
105.000000    110.000000  0.066130
105.000000    115.000000  0.071160
105.000000    120.000000  0.079475
105.000000    125.000000  0.089798
105.000000    130.000000  0.100349
105.000000    135.000000  0.109805
105.000000    140.000000  0.117049
105.000000    145.000000  0.121116
105.000000    150.000000  0.123733
105.000000    155.000000  0.126091
105.000000    160.000000  0.128133
105.000000    165.000000  0.129771
105.000000    170.000000  0.130954
105.000000    175.000000  0.131649
105.000000    180.000000  0.131841
110.000000    0.000000  0.033149
110.000000    5.000000  0.033300
110.000000    10.000000  0.033876
110.000000    15.000000  0.034795
110.000000    20.000000  0.036126
110.000000    25.000000  0.038122
110.000000    30.000000  0.040544
110.000000    35.000000  0.043131
110.000000    40.000000  0.045918
110.000000    45.000000  0.048916
110.000000    50.000000  0.052088
110.000000    55.000000  0.055393
110.000000    60.000000  0.058798
110.000000    65.000000  0.062319
110.000000    70.000000  0.065973
110.000000    75.000000  0.069695
110.000000    80.000000  0.073317
110.000000    85.000000  0.076563
110.000000    90.000000  0.078607
110.000000    95.000000  0.078188
110.000000    100.000000  0.074766
110.000000    105.000000  0.069686
110.000000    110.000000  0.067583
110.000000    115.000000  0.069105
110.000000    120.000000  0.074414
110.000000    125.000000  0.083032
110.000000    130.000000  0.093433
110.000000    135.000000  0.103879
110.000000    140.000000  0.113117
110.000000    145.000000  0.120088
110.000000    150.000000  0.123885
110.000000    155.000000  0.126212
110.000000    160.000000  0.128239
110.000000    165.000000  0.129904
110.000000    170.000000  0.131114
110.000000    175.000000  0.131819
110.000000    180.000000  0.131996
115.000000    0.000000  0.033321
115.000000    5.000000  0.033450
115.000000    10.000000  0.034023
115.000000    15.000000  0.035007
115.000000    20.000000  0.036313
115.000000    25.000000  0.037999
115.000000    30.000000  0.040320
115.000000    35.000000  0.043041
115.000000    40.000000  0.045895
115.000000    45.000000  0.048916
115.000000    50.000000  0.052117
115.000000    55.000000  0.055466
115.000000    60.000000  0.058922
115.000000    65.000000  0.062456
115.000000    70.000000  0.066083
115.000000    75.000000  0.069823
115.000000    80.000000  0.073614
115.000000    85.000000  0.077274
115.000000    90.000000  0.080463
115.000000    95.000000  0.082226
115.000000    100.000000  0.081425
115.000000    105.000000  0.077702
115.000000    110.000000  0.072477
115.000000    115.000000  0.070373
115.000000    120.000000  0.072033
115.000000    125.000000  0.077626
115.000000    130.000000  0.086511
115.000000    135.000000  0.096936
115.000000    140.000000  0.107232
115.000000    145.000000  0.116208
115.000000    150.000000  0.122861
115.000000    155.000000  0.126346
115.000000    160.000000  0.128343
115.000000    165.000000  0.129995
115.000000    170.000000  0.131239
115.000000    175.000000  0.131978
115.000000    180.000000  0.132171
120.000000    0.000000  0.033463
120.000000    5.000000  0.033610
120.000000    10.000000  0.034168
120.000000    15.000000  0.035151
120.000000    20.000000  0.036518
120.000000    25.000000  0.038180
120.000000    30.000000  0.040186
120.000000    35.000000  0.042795
120.000000    40.000000  0.045778
120.000000    45.000000  0.048864
120.000000    50.000000  0.052088
120.000000    55.000000  0.055466
120.000000    60.000000  0.058966
120.000000    65.000000  0.062551
120.000000    70.000000  0.066192
120.000000    75.000000  0.069906
120.000000    80.000000  0.073714
120.000000    85.000000  0.077555
120.000000    90.000000  0.081228
120.000000    95.000000  0.084312
120.000000    100.000000  0.085745
120.000000    105.000000  0.084553
120.000000    110.000000  0.080541
120.000000    115.000000  0.075185
120.000000    120.000000  0.073090
120.000000    125.000000  0.074894
120.000000    130.000000  0.080769
120.000000    135.000000  0.089874
120.000000    140.000000  0.100271
120.000000    145.000000  0.110371
120.000000    150.000000  0.119038
120.000000    155.000000  0.125323
120.000000    160.000000  0.128448
120.000000    165.000000  0.130070
120.000000    170.000000  0.131303
120.000000    175.000000  0.132083
120.000000    180.000000  0.132313
125.000000    0.000000  0.033505
125.000000    5.000000  0.033705
125.000000    10.000000  0.034286
125.000000    15.000000  0.035261
125.000000    20.000000  0.036631
125.000000    25.000000  0.038353
125.000000    30.000000  0.040338
125.000000    35.000000  0.042630
125.000000    40.000000  0.045493
125.000000    45.000000  0.048705
125.000000    50.000000  0.051993
125.000000    55.000000  0.055393
125.000000    60.000000  0.058922
125.000000    65.000000  0.062551
125.000000    70.000000  0.066244
125.000000    75.000000  0.069972
125.000000    80.000000  0.073754
125.000000    85.000000  0.077612
125.000000    90.000000  0.081482
125.000000    95.000000  0.085141
125.000000    100.000000  0.088069
125.000000    105.000000  0.089137
125.000000    110.000000  0.087553
125.000000    115.000000  0.083264
125.000000    120.000000  0.077789
125.000000    125.000000  0.075710
125.000000    130.000000  0.077659
125.000000    135.000000  0.083804
125.000000    140.000000  0.093074
125.000000    145.000000  0.103391
125.000000    150.000000  0.113245
125.000000    155.000000  0.121552
125.000000    160.000000  0.127415
125.000000    165.000000  0.130127
125.000000    170.000000  0.131327
125.000000    175.000000  0.132097
125.000000    180.000000  0.132374
130.000000    0.000000  0.033432
130.000000    5.000000  0.033686
130.000000    10.000000  0.034321
130.000000    15.000000  0.035323
130.000000    20.000000  0.036691
130.000000    25.000000  0.038419
130.000000    30.000000  0.040464
130.000000    35.000000  0.042740
130.000000    40.000000  0.045287
130.000000    45.000000  0.048374
130.000000    50.000000  0.051785
130.000000    55.000000  0.055247
130.000000    60.000000  0.058798
130.000000    65.000000  0.062456
130.000000    70.000000  0.066192
130.000000    75.000000  0.069972
130.000000    80.000000  0.073768
130.000000    85.000000  0.077600
130.000000    90.000000  0.081489
130.000000    95.000000  0.085370
130.000000    100.000000  0.088985
130.000000    105.000000  0.091702
130.000000    110.000000  0.092379
130.000000    115.000000  0.090406
130.000000    120.000000  0.085854
130.000000    125.000000  0.080271
130.000000    130.000000  0.078213
130.000000    135.000000  0.080302
130.000000    140.000000  0.086697
130.000000    145.000000  0.096070
130.000000    150.000000  0.106253
130.000000    155.000000  0.115809
130.000000    160.000000  0.123703
130.000000    165.000000  0.129087
130.000000    170.000000  0.131332
130.000000    175.000000  0.132066
130.000000    180.000000  0.132337
135.000000    0.000000  0.033387
135.000000    5.000000  0.033624
135.000000    10.000000  0.034303
135.000000    15.000000  0.035354
135.000000    20.000000  0.036748
135.000000    25.000000  0.038475
135.000000    30.000000  0.040526
135.000000    35.000000  0.042860
135.000000    40.000000  0.045394
135.000000    45.000000  0.048166
135.000000    50.000000  0.051447
135.000000    55.000000  0.055030
135.000000    60.000000  0.058641
135.000000    65.000000  0.062319
135.000000    70.000000  0.066083
135.000000    75.000000  0.069906
135.000000    80.000000  0.073754
135.000000    85.000000  0.077600
135.000000    90.000000  0.081462
135.000000    95.000000  0.085364
135.000000    100.000000  0.089236
135.000000    105.000000  0.092775
135.000000    110.000000  0.095224
135.000000    115.000000  0.095485
135.000000    120.000000  0.093122
135.000000    125.000000  0.088315
135.000000    130.000000  0.082635
135.000000    135.000000  0.080601
135.000000    140.000000  0.082825
135.000000    145.000000  0.089448
135.000000    150.000000  0.098865
135.000000    155.000000  0.108859
135.000000    160.000000  0.118064
135.000000    165.000000  0.125489
135.000000    170.000000  0.130337
135.000000    175.000000  0.132066
135.000000    180.000000  0.132305
140.000000    0.000000  0.033432
140.000000    5.000000  0.033624
140.000000    10.000000  0.034281
140.000000    15.000000  0.035368
140.000000    20.000000  0.036805
140.000000    25.000000  0.038557
140.000000    30.000000  0.040607
140.000000    35.000000  0.042947
140.000000    40.000000  0.045538
140.000000    45.000000  0.048301
140.000000    50.000000  0.051270
140.000000    55.000000  0.054720
140.000000    60.000000  0.058450
140.000000    65.000000  0.062188
140.000000    70.000000  0.065973
140.000000    75.000000  0.069823
140.000000    80.000000  0.073714
140.000000    85.000000  0.077612
140.000000    90.000000  0.081489
140.000000    95.000000  0.085364
140.000000    100.000000  0.089262
140.000000    105.000000  0.093105
140.000000    110.000000  0.096530
140.000000    115.000000  0.098654
140.000000    120.000000  0.098478
140.000000    125.000000  0.095721
140.000000    130.000000  0.090666
140.000000    135.000000  0.084896
140.000000    140.000000  0.082888
140.000000    145.000000  0.085240
140.000000    150.000000  0.092066
140.000000    155.000000  0.101466
140.000000    160.000000  0.111214
140.000000    165.000000  0.120011
140.000000    170.000000  0.126909
140.000000    175.000000  0.131165
140.000000    180.000000  0.132337
145.000000    0.000000  0.032890
145.000000    5.000000  0.033206
145.000000    10.000000  0.033909
145.000000    15.000000  0.035048
145.000000    20.000000  0.036579
145.000000    25.000000  0.038424
145.000000    30.000000  0.040541
145.000000    35.000000  0.042915
145.000000    40.000000  0.045539
145.000000    45.000000  0.048379
145.000000    50.000000  0.051358
145.000000    55.000000  0.054512
145.000000    60.000000  0.058114
145.000000    65.000000  0.061974
145.000000    70.000000  0.065822
145.000000    75.000000  0.069695
145.000000    80.000000  0.073614
145.000000    85.000000  0.077555
145.000000    90.000000  0.081482
145.000000    95.000000  0.085370
145.000000    100.000000  0.089236
145.000000    105.000000  0.093105
145.000000    110.000000  0.096889
145.000000    115.000000  0.100148
145.000000    120.000000  0.101881
145.000000    125.000000  0.101228
145.000000    130.000000  0.098054
145.000000    135.000000  0.092762
145.000000    140.000000  0.087013
145.000000    145.000000  0.085036
145.000000    150.000000  0.087505
145.000000    155.000000  0.094500
145.000000    160.000000  0.103817
145.000000    165.000000  0.113259
145.000000    170.000000  0.121586
145.000000    175.000000  0.127887
145.000000    180.000000  0.131362
150.000000    0.000000  0.031351
150.000000    5.000000  0.031967
150.000000    10.000000  0.032898
150.000000    15.000000  0.034162
150.000000    20.000000  0.035811
150.000000    25.000000  0.037802
150.000000    30.000000  0.040058
150.000000    35.000000  0.042540
150.000000    40.000000  0.045234
150.000000    45.000000  0.048136
150.000000    50.000000  0.051217
150.000000    55.000000  0.054405
150.000000    60.000000  0.057732
150.000000    65.000000  0.061472
150.000000    70.000000  0.065445
150.000000    75.000000  0.069380
150.000000    80.000000  0.073317
150.000000    85.000000  0.077274
150.000000    90.000000  0.081228
150.000000    95.000000  0.085141
150.000000    100.000000  0.088985
150.000000    105.000000  0.092775
150.000000    110.000000  0.096530
150.000000    115.000000  0.100148
150.000000    120.000000  0.103085
150.000000    125.000000  0.104256
150.000000    130.000000  0.102960
150.000000    135.000000  0.099198
150.000000    140.000000  0.093591
150.000000    145.000000  0.088653
150.000000    150.000000  0.086967
150.000000    155.000000  0.089546
150.000000    160.000000  0.096662
150.000000    165.000000  0.105831
150.000000    170.000000  0.114896
150.000000    175.000000  0.122662
150.000000    180.000000  0.127980
155.000000    0.000000  0.029512
155.000000    5.000000  0.030354
155.000000    10.000000  0.031564
155.000000    15.000000  0.033042
155.000000    20.000000  0.034796
155.000000    25.000000  0.036883
155.000000    30.000000  0.039265
155.000000    35.000000  0.041867
155.000000    40.000000  0.044654
155.000000    45.000000  0.047614
155.000000    50.000000  0.050745
155.000000    55.000000  0.054021
155.000000    60.000000  0.057372
155.000000    65.000000  0.060827
155.000000    70.000000  0.064655
155.000000    75.000000  0.068685
155.000000    80.000000  0.072642
155.000000    85.000000  0.076563
155.000000    90.000000  0.080463
155.000000    95.000000  0.084312
155.000000    100.000000  0.088069
155.000000    105.000000  0.091702
155.000000    110.000000  0.095224
155.000000    115.000000  0.098654
155.000000    120.000000  0.101881
155.000000    125.000000  0.104256
155.000000    130.000000  0.104669
155.000000    135.000000  0.102587
155.000000    140.000000  0.098166
155.000000    145.000000  0.092768
155.000000    150.000000  0.089197
155.000000    155.000000  0.088432
155.000000    160.000000  0.091293
155.000000    165.000000  0.098486
155.000000    170.000000  0.107431
155.000000    175.000000  0.116019
155.000000    180.000000  0.122691
160.000000    0.000000  0.027698
160.000000    5.000000  0.028664
160.000000    10.000000  0.030027
160.000000    15.000000  0.031733
160.000000    20.000000  0.033652
160.000000    25.000000  0.035792
160.000000    30.000000  0.038220
160.000000    35.000000  0.040898
160.000000    40.000000  0.043757
160.000000    45.000000  0.046762
160.000000    50.000000  0.049900
160.000000    55.000000  0.053171
160.000000    60.000000  0.056546
160.000000    65.000000  0.059954
160.000000    70.000000  0.063417
160.000000    75.000000  0.067194
160.000000    80.000000  0.071118
160.000000    85.000000  0.074910
160.000000    90.000000  0.078607
160.000000    95.000000  0.082226
160.000000    100.000000  0.085745
160.000000    105.000000  0.089137
160.000000    110.000000  0.092379
160.000000    115.000000  0.095485
160.000000    120.000000  0.098478
160.000000    125.000000  0.101228
160.000000    130.000000  0.102960
160.000000    135.000000  0.102587
160.000000    140.000000  0.099757
160.000000    145.000000  0.095127
160.000000    150.000000  0.091148
160.000000    155.000000  0.088907
160.000000    160.000000  0.089103
160.000000    165.000000  0.092573
160.000000    170.000000  0.099892
160.000000    175.000000  0.108511
160.000000    180.000000  0.115975
165.000000    0.000000  0.026019
165.000000    5.000000  0.027025
165.000000    10.000000  0.028404
165.000000    15.000000  0.030165
165.000000    20.000000  0.032236
165.000000    25.000000  0.034458
165.000000    30.000000  0.036847
165.000000    35.000000  0.039477
165.000000    40.000000  0.042309
165.000000    45.000000  0.045272
165.000000    50.000000  0.048328
165.000000    55.000000  0.051461
165.000000    60.000000  0.054666
165.000000    65.000000  0.057913
165.000000    70.000000  0.061137
165.000000    75.000000  0.064357
165.000000    80.000000  0.067834
165.000000    85.000000  0.071422
165.000000    90.000000  0.074861
165.000000    95.000000  0.078188
165.000000    100.000000  0.081425
165.000000    105.000000  0.084553
165.000000    110.000000  0.087553
165.000000    115.000000  0.090406
165.000000    120.000000  0.093122
165.000000    125.000000  0.095721
165.000000    130.000000  0.098054
165.000000    135.000000  0.099198
165.000000    140.000000  0.098166
165.000000    145.000000  0.095127
165.000000    150.000000  0.091874
165.000000    155.000000  0.089416
165.000000    160.000000  0.088327
165.000000    165.000000  0.089331
165.000000    170.000000  0.093320
165.000000    175.000000  0.100773
165.000000    180.000000  0.108379
170.000000    0.000000  0.024263
170.000000    5.000000  0.025195
170.000000    10.000000  0.026460
170.000000    15.000000  0.028069
170.000000    20.000000  0.030026
170.000000    25.000000  0.032239
170.000000    30.000000  0.034524
170.000000    35.000000  0.036906
170.000000    40.000000  0.039465
170.000000    45.000000  0.042165
170.000000    50.000000  0.044943
170.000000    55.000000  0.047768
170.000000    60.000000  0.050631
170.000000    65.000000  0.053534
170.000000    70.000000  0.056459
170.000000    75.000000  0.059356
170.000000    80.000000  0.062243
170.000000    85.000000  0.065379
170.000000    90.000000  0.068632
170.000000    95.000000  0.071749
170.000000    100.000000  0.074766
170.000000    105.000000  0.077702
170.000000    110.000000  0.080541
170.000000    115.000000  0.083264
170.000000    120.000000  0.085854
170.000000    125.000000  0.088315
170.000000    130.000000  0.090666
170.000000    135.000000  0.092762
170.000000    140.000000  0.093591
170.000000    145.000000  0.092768
170.000000    150.000000  0.091148
170.000000    155.000000  0.089416
170.000000    160.000000  0.088193
170.000000    165.000000  0.088007
170.000000    170.000000  0.089605
170.000000    175.000000  0.093828
170.000000    180.000000  0.100521
175.000000    0.000000  0.022000
175.000000    5.000000  0.022664
175.000000    10.000000  0.023603
175.000000    15.000000  0.024847
175.000000    20.000000  0.026401
175.000000    25.000000  0.028277
175.000000    30.000000  0.030370
175.000000    35.000000  0.032486
175.000000    40.000000  0.034669
175.000000    45.000000  0.037005
175.000000    50.000000  0.039463
175.000000    55.000000  0.041994
175.000000    60.000000  0.044573
175.000000    65.000000  0.047191
175.000000    70.000000  0.049854
175.000000    75.000000  0.052543
175.000000    80.000000  0.055221
175.000000    85.000000  0.057897
175.000000    90.000000  0.060824
175.000000    95.000000  0.063884
175.000000    100.000000  0.066828
175.000000    105.000000  0.069686
175.000000    110.000000  0.072477
175.000000    115.000000  0.075185
175.000000    120.000000  0.077789
175.000000    125.000000  0.080271
175.000000    130.000000  0.082635
175.000000    135.000000  0.084896
175.000000    140.000000  0.087013
175.000000    145.000000  0.088653
175.000000    150.000000  0.089197
175.000000    155.000000  0.088907
175.000000    160.000000  0.088327
175.000000    165.000000  0.088007
175.000000    170.000000  0.088440
175.000000    175.000000  0.090308
175.000000    180.000000  0.093808
180.000000    0.000000  0.021078
180.000000    5.000000  0.021307
180.000000    10.000000  0.021941
180.000000    15.000000  0.022861
180.000000    20.000000  0.024077
180.000000    25.000000  0.025591
180.000000    30.000000  0.027423
180.000000    35.000000  0.029451
180.000000    40.000000  0.031474
180.000000    45.000000  0.033550
180.000000    50.000000  0.035771
180.000000    55.000000  0.038110
180.000000    60.000000  0.040525
180.000000    65.000000  0.042996
180.000000    70.000000  0.045513
180.000000    75.000000  0.048084
180.000000    80.000000  0.050692
180.000000    85.000000  0.053302
180.000000    90.000000  0.055922
180.000000    95.000000  0.058797
180.000000    100.000000  0.061819
180.000000    105.000000  0.064737
180.000000    110.000000  0.067583
180.000000    115.000000  0.070373
180.000000    120.000000  0.073090
180.000000    125.000000  0.075710
180.000000    130.000000  0.078213
180.000000    135.000000  0.080601
180.000000    140.000000  0.082888
180.000000    145.000000  0.085036
180.000000    150.000000  0.086967
180.000000    155.000000  0.088432
180.000000    160.000000  0.089103
180.000000    165.000000  0.089331
180.000000    170.000000  0.089605
180.000000    175.000000  0.090308
180.000000    180.000000  0.091599
185.000000    0.000000  0.022000
185.000000    5.000000  0.021727
185.000000    10.000000  0.021933
185.000000    15.000000  0.022596
185.000000    20.000000  0.023547
185.000000    25.000000  0.024789
185.000000    30.000000  0.026331
185.000000    35.000000  0.028197
185.000000    40.000000  0.030241
185.000000    45.000000  0.032259
185.000000    50.000000  0.034329
185.000000    55.000000  0.036546
185.000000    60.000000  0.038885
185.000000    65.000000  0.041307
185.000000    70.000000  0.043796
185.000000    75.000000  0.046342
185.000000    80.000000  0.048953
185.000000    85.000000  0.051615
185.000000    90.000000  0.054292
185.000000    95.000000  0.056993
185.000000    100.000000  0.059963
185.000000    105.000000  0.063093
185.000000    110.000000  0.066130
185.000000    115.000000  0.069105
185.000000    120.000000  0.072033
185.000000    125.000000  0.074894
185.000000    130.000000  0.077659
185.000000    135.000000  0.080302
185.000000    140.000000  0.082825
185.000000    145.000000  0.085240
185.000000    150.000000  0.087505
185.000000    155.000000  0.089546
185.000000    160.000000  0.091293
185.000000    165.000000  0.092573
185.000000    170.000000  0.093320
185.000000    175.000000  0.093828
185.000000    180.000000  0.093808
190.000000    0.000000  0.024263
190.000000    5.000000  0.023617
190.000000    10.000000  0.023357
190.000000    15.000000  0.023625
190.000000    20.000000  0.024407
190.000000    25.000000  0.025476
190.000000    30.000000  0.026837
190.000000    35.000000  0.028506
190.000000    40.000000  0.030512
190.000000    45.000000  0.032676
190.000000    50.000000  0.034800
190.000000    55.000000  0.036980
190.000000    60.000000  0.039316
190.000000    65.000000  0.041785
190.000000    70.000000  0.044349
190.000000    75.000000  0.046994
190.000000    80.000000  0.049713
190.000000    85.000000  0.052515
190.000000    90.000000  0.055386
190.000000    95.000000  0.058287
190.000000    100.000000  0.061228
190.000000    105.000000  0.064453
190.000000    110.000000  0.067850
190.000000    115.000000  0.071160
190.000000    120.000000  0.074414
190.000000    125.000000  0.077626
190.000000    130.000000  0.080769
190.000000    135.000000  0.083804
190.000000    140.000000  0.086697
190.000000    145.000000  0.089448
190.000000    150.000000  0.092066
190.000000    155.000000  0.094500
190.000000    160.000000  0.096662
190.000000    165.000000  0.098486
190.000000    170.000000  0.099892
190.000000    175.000000  0.100773
190.000000    180.000000  0.100521
195.000000    0.000000  0.026019
195.000000    5.000000  0.025367
195.000000    10.000000  0.025009
195.000000    15.000000  0.025018
195.000000    20.000000  0.025562
195.000000    25.000000  0.026653
195.000000    30.000000  0.028027
195.000000    35.000000  0.029687
195.000000    40.000000  0.031660
195.000000    45.000000  0.033973
195.000000    50.000000  0.036416
195.000000    55.000000  0.038803
195.000000    60.000000  0.041250
195.000000    65.000000  0.043862
195.000000    70.000000  0.046621
195.000000    75.000000  0.049488
195.000000    80.000000  0.052448
195.000000    85.000000  0.055499
195.000000    90.000000  0.058649
195.000000    95.000000  0.061883
195.000000    100.000000  0.065155
195.000000    105.000000  0.068470
195.000000    110.000000  0.072070
195.000000    115.000000  0.075830
195.000000    120.000000  0.079475
195.000000    125.000000  0.083032
195.000000    130.000000  0.086511
195.000000    135.000000  0.089874
195.000000    140.000000  0.093074
195.000000    145.000000  0.096070
195.000000    150.000000  0.098865
195.000000    155.000000  0.101466
195.000000    160.000000  0.103817
195.000000    165.000000  0.105831
195.000000    170.000000  0.107431
195.000000    175.000000  0.108511
195.000000    180.000000  0.108379
200.000000    0.000000  0.027698
200.000000    5.000000  0.027119
200.000000    10.000000  0.026901
200.000000    15.000000  0.026973
200.000000    20.000000  0.027382
200.000000    25.000000  0.028322
200.000000    30.000000  0.029839
200.000000    35.000000  0.031643
200.000000    40.000000  0.033736
200.000000    45.000000  0.036155
200.000000    50.000000  0.038918
200.000000    55.000000  0.041782
200.000000    60.000000  0.044579
200.000000    65.000000  0.047438
200.000000    70.000000  0.050472
200.000000    75.000000  0.053660
200.000000    80.000000  0.056958
200.000000    85.000000  0.060346
200.000000    90.000000  0.063817
200.000000    95.000000  0.067375
200.000000    100.000000  0.070995
200.000000    105.000000  0.074611
200.000000    110.000000  0.078224
200.000000    115.000000  0.082069
200.000000    120.000000  0.086021
200.000000    125.000000  0.089798
200.000000    130.000000  0.093433
200.000000    135.000000  0.096936
200.000000    140.000000  0.100271
200.000000    145.000000  0.103391
200.000000    150.000000  0.106253
200.000000    155.000000  0.108859
200.000000    160.000000  0.111214
200.000000    165.000000  0.113259
200.000000    170.000000  0.114896
200.000000    175.000000  0.116019
200.000000    180.000000  0.115975
205.000000    0.000000  0.029512
205.000000    5.000000  0.029077
205.000000    10.000000  0.029037
205.000000    15.000000  0.029359
205.000000    20.000000  0.029957
205.000000    25.000000  0.030859
205.000000    30.000000  0.032286
205.000000    35.000000  0.034325
205.000000    40.000000  0.036655
205.000000    45.000000  0.039283
205.000000    50.000000  0.042257
205.000000    55.000000  0.045566
205.000000    60.000000  0.048941
205.000000    65.000000  0.052224
205.000000    70.000000  0.055554
205.000000    75.000000  0.059044
205.000000    80.000000  0.062662
205.000000    85.000000  0.066347
205.000000    90.000000  0.070070
205.000000    95.000000  0.073821
205.000000    100.000000  0.077605
205.000000    105.000000  0.081397
205.000000    110.000000  0.085133
205.000000    115.000000  0.088822
205.000000    120.000000  0.092697
205.000000    125.000000  0.096632
205.000000    130.000000  0.100349
205.000000    135.000000  0.103879
205.000000    140.000000  0.107232
205.000000    145.000000  0.110371
205.000000    150.000000  0.113245
205.000000    155.000000  0.115809
205.000000    160.000000  0.118064
205.000000    165.000000  0.120011
205.000000    170.000000  0.121586
205.000000    175.000000  0.122662
205.000000    180.000000  0.122691
210.000000    0.000000  0.031351
210.000000    5.000000  0.031124
210.000000    10.000000  0.031312
210.000000    15.000000  0.031896
210.000000    20.000000  0.032832
210.000000    25.000000  0.034020
210.000000    30.000000  0.035476
210.000000    35.000000  0.037445
210.000000    40.000000  0.040053
210.000000    45.000000  0.042944
210.000000    50.000000  0.046130
210.000000    55.000000  0.049657
210.000000    60.000000  0.053476
210.000000    65.000000  0.057288
210.000000    70.000000  0.060944
210.000000    75.000000  0.064593
210.000000    80.000000  0.068350
210.000000    85.000000  0.072184
210.000000    90.000000  0.076038
210.000000    95.000000  0.079887
210.000000    100.000000  0.083722
210.000000    105.000000  0.087553
210.000000    110.000000  0.091353
210.000000    115.000000  0.095063
210.000000    120.000000  0.098692
210.000000    125.000000  0.102468
210.000000    130.000000  0.106266
210.000000    135.000000  0.109805
210.000000    140.000000  0.113117
210.000000    145.000000  0.116208
210.000000    150.000000  0.119038
210.000000    155.000000  0.121552
210.000000    160.000000  0.123703
210.000000    165.000000  0.125489
210.000000    170.000000  0.126909
210.000000    175.000000  0.127887
210.000000    180.000000  0.127980
215.000000    0.000000  0.032890
215.000000    5.000000  0.032923
215.000000    10.000000  0.033352
215.000000    15.000000  0.034188
215.000000    20.000000  0.035402
215.000000    25.000000  0.036939
215.000000    30.000000  0.038680
215.000000    35.000000  0.040625
215.000000    40.000000  0.043045
215.000000    45.000000  0.046098
215.000000    50.000000  0.049390
215.000000    55.000000  0.052946
215.000000    60.000000  0.056814
215.000000    65.000000  0.060907
215.000000    70.000000  0.064928
215.000000    75.000000  0.068747
215.000000    80.000000  0.072525
215.000000    85.000000  0.076380
215.000000    90.000000  0.080282
215.000000    95.000000  0.084178
215.000000    100.000000  0.088040
215.000000    105.000000  0.091864
215.000000    110.000000  0.095656
215.000000    115.000000  0.099391
215.000000    120.000000  0.103006
215.000000    125.000000  0.106513
215.000000    130.000000  0.110134
215.000000    135.000000  0.113741
215.000000    140.000000  0.117049
215.000000    145.000000  0.120088
215.000000    150.000000  0.122861
215.000000    155.000000  0.125323
215.000000    160.000000  0.127415
215.000000    165.000000  0.129087
215.000000    170.000000  0.130337
215.000000    175.000000  0.131165
215.000000    180.000000  0.131362
220.000000    0.000000  0.033432
220.000000    5.000000  0.033655
220.000000    10.000000  0.034233
220.000000    15.000000  0.035184
220.000000    20.000000  0.036502
220.000000    25.000000  0.038151
220.000000    30.000000  0.040069
220.000000    35.000000  0.042127
220.000000    40.000000  0.044316
220.000000    45.000000  0.046949
220.000000    50.000000  0.050216
220.000000    55.000000  0.053708
220.000000    60.000000  0.057462
220.000000    65.000000  0.061520
220.000000    70.000000  0.065753
220.000000    75.000000  0.069875
220.000000    80.000000  0.073768
220.000000    85.000000  0.077600
220.000000    90.000000  0.081489
220.000000    95.000000  0.085406
220.000000    100.000000  0.089298
220.000000    105.000000  0.093137
220.000000    110.000000  0.096917
220.000000    115.000000  0.100644
220.000000    120.000000  0.104291
220.000000    125.000000  0.107795
220.000000    130.000000  0.111168
220.000000    135.000000  0.114627
220.000000    140.000000  0.118038
220.000000    145.000000  0.121116
220.000000    150.000000  0.123885
220.000000    155.000000  0.126346
220.000000    160.000000  0.128448
220.000000    165.000000  0.130127
220.000000    170.000000  0.131332
220.000000    175.000000  0.132066
220.000000    180.000000  0.132337
225.000000    0.000000  0.033387
225.000000    5.000000  0.033624
225.000000    10.000000  0.034280
225.000000    15.000000  0.035287
225.000000    20.000000  0.036637
225.000000    25.000000  0.038316
225.000000    30.000000  0.040285
225.000000    35.000000  0.042479
225.000000    40.000000  0.044764
225.000000    45.000000  0.047122
225.000000    50.000000  0.049911
225.000000    55.000000  0.053341
225.000000    60.000000  0.056993
225.000000    65.000000  0.060911
225.000000    70.000000  0.065124
225.000000    75.000000  0.069463
225.000000    80.000000  0.073656
225.000000    85.000000  0.077600
225.000000    90.000000  0.081462
225.000000    95.000000  0.085364
225.000000    100.000000  0.089276
225.000000    105.000000  0.093144
225.000000    110.000000  0.096940
225.000000    115.000000  0.100657
225.000000    120.000000  0.104301
225.000000    125.000000  0.107843
225.000000    130.000000  0.111216
225.000000    135.000000  0.114436
225.000000    140.000000  0.117713
225.000000    145.000000  0.120908
225.000000    150.000000  0.123733
225.000000    155.000000  0.126212
225.000000    160.000000  0.128343
225.000000    165.000000  0.130070
225.000000    170.000000  0.131327
225.000000    175.000000  0.132066
225.000000    180.000000  0.132305
230.000000    0.000000  0.033432
230.000000    5.000000  0.033624
230.000000    10.000000  0.034281
230.000000    15.000000  0.035352
230.000000    20.000000  0.036754
230.000000    25.000000  0.038468
230.000000    30.000000  0.040473
230.000000    35.000000  0.042728
230.000000    40.000000  0.045166
230.000000    45.000000  0.047644
230.000000    50.000000  0.050142
230.000000    55.000000  0.053069
230.000000    60.000000  0.056642
230.000000    65.000000  0.060433
230.000000    70.000000  0.064503
230.000000    75.000000  0.068844
230.000000    80.000000  0.073267
230.000000    85.000000  0.077514
230.000000    90.000000  0.081489
230.000000    95.000000  0.085364
230.000000    100.000000  0.089262
230.000000    105.000000  0.093150
230.000000    110.000000  0.096974
230.000000    115.000000  0.100708
230.000000    120.000000  0.104342
230.000000    125.000000  0.107880
230.000000    130.000000  0.111292
230.000000    135.000000  0.114510
230.000000    140.000000  0.117548
230.000000    145.000000  0.120613
230.000000    150.000000  0.123557
230.000000    155.000000  0.126091
230.000000    160.000000  0.128239
230.000000    165.000000  0.129995
230.000000    170.000000  0.131303
230.000000    175.000000  0.132097
230.000000    180.000000  0.132337
235.000000    0.000000  0.033505
235.000000    5.000000  0.033686
235.000000    10.000000  0.034303
235.000000    15.000000  0.035368
235.000000    20.000000  0.036826
235.000000    25.000000  0.038591
235.000000    30.000000  0.040633
235.000000    35.000000  0.042929
235.000000    40.000000  0.045439
235.000000    45.000000  0.048090
235.000000    50.000000  0.050730
235.000000    55.000000  0.053347
235.000000    60.000000  0.056392
235.000000    65.000000  0.060087
235.000000    70.000000  0.064003
235.000000    75.000000  0.068209
235.000000    80.000000  0.072653
235.000000    85.000000  0.077138
235.000000    90.000000  0.081418
235.000000    95.000000  0.085406
235.000000    100.000000  0.089276
235.000000    105.000000  0.093150
235.000000    110.000000  0.096995
235.000000    115.000000  0.100757
235.000000    120.000000  0.104406
235.000000    125.000000  0.107934
235.000000    130.000000  0.111343
235.000000    135.000000  0.114600
235.000000    140.000000  0.117634
235.000000    145.000000  0.120461
235.000000    150.000000  0.123278
235.000000    155.000000  0.125932
235.000000    160.000000  0.128133
235.000000    165.000000  0.129904
235.000000    170.000000  0.131239
235.000000    175.000000  0.132083
235.000000    180.000000  0.132374
240.000000    0.000000  0.033463
240.000000    5.000000  0.033705
240.000000    10.000000  0.034321
240.000000    15.000000  0.035354
240.000000    20.000000  0.036805
240.000000    25.000000  0.038621
240.000000    30.000000  0.040716
240.000000    35.000000  0.043053
240.000000    40.000000  0.045610
240.000000    45.000000  0.048346
240.000000    50.000000  0.051181
240.000000    55.000000  0.053955
240.000000    60.000000  0.056671
240.000000    65.000000  0.059819
240.000000    70.000000  0.063618
240.000000    75.000000  0.067645
240.000000    80.000000  0.071970
240.000000    85.000000  0.076492
240.000000    90.000000  0.081019
240.000000    95.000000  0.085315
240.000000    100.000000  0.089298
240.000000    105.000000  0.093144
240.000000    110.000000  0.096974
240.000000    115.000000  0.100757
240.000000    120.000000  0.104434
240.000000    125.000000  0.107978
240.000000    130.000000  0.111377
240.000000    135.000000  0.114630
240.000000    140.000000  0.117704
240.000000    145.000000  0.120523
240.000000    150.000000  0.123103
240.000000    155.000000  0.125633
240.000000    160.000000  0.127953
240.000000    165.000000  0.129771
240.000000    170.000000  0.131114
240.000000    175.000000  0.131978
240.000000    180.000000  0.132313
245.000000    0.000000  0.033321
245.000000    5.000000  0.033610
245.000000    10.000000  0.034286
245.000000    15.000000  0.035323
245.000000    20.000000  0.036748
245.000000    25.000000  0.038557
245.000000    30.000000  0.040698
245.000000    35.000000  0.043088
245.000000    40.000000  0.045689
245.000000    45.000000  0.048478
245.000000    50.000000  0.051413
245.000000    55.000000  0.054406
245.000000    60.000000  0.057285
245.000000    65.000000  0.060086
245.000000    70.000000  0.063321
245.000000    75.000000  0.067208
245.000000    80.000000  0.071335
245.000000    85.000000  0.075759
245.000000    90.000000  0.080337
245.000000    95.000000  0.084885
245.000000    100.000000  0.089177
245.000000    105.000000  0.093137
245.000000    110.000000  0.096940
245.000000    115.000000  0.100708
245.000000    120.000000  0.104406
245.000000    125.000000  0.107978
245.000000    130.000000  0.111392
245.000000    135.000000  0.114636
245.000000    140.000000  0.117707
245.000000    145.000000  0.120567
245.000000    150.000000  0.123137
245.000000    155.000000  0.125433
245.000000    160.000000  0.127633
245.000000    165.000000  0.129569
245.000000    170.000000  0.130954
245.000000    175.000000  0.131819
245.000000    180.000000  0.132171
250.000000    0.000000  0.033149
250.000000    5.000000  0.033450
250.000000    10.000000  0.034168
250.000000    15.000000  0.035261
250.000000    20.000000  0.036691
250.000000    25.000000  0.038475
250.000000    30.000000  0.040607
250.000000    35.000000  0.043039
250.000000    40.000000  0.045692
250.000000    45.000000  0.048527
250.000000    50.000000  0.051520
250.000000    55.000000  0.054629
250.000000    60.000000  0.057752
250.000000    65.000000  0.060712
250.000000    70.000000  0.063585
250.000000    75.000000  0.066891
250.000000    80.000000  0.070853
250.000000    85.000000  0.075069
250.000000    90.000000  0.079569
250.000000    95.000000  0.084181
250.000000    100.000000  0.088730
250.000000    105.000000  0.093000
250.000000    110.000000  0.096917
250.000000    115.000000  0.100657
250.000000    120.000000  0.104342
250.000000    125.000000  0.107934
250.000000    130.000000  0.111377
250.000000    135.000000  0.114636
250.000000    140.000000  0.117697
250.000000    145.000000  0.120555
250.000000    150.000000  0.123167
250.000000    155.000000  0.125451
250.000000    160.000000  0.127424
250.000000    165.000000  0.129247
250.000000    170.000000  0.130748
250.000000    175.000000  0.131649
250.000000    180.000000  0.131996
255.000000    0.000000  0.033025
255.000000    5.000000  0.033300
255.000000    10.000000  0.034023
255.000000    15.000000  0.035151
255.000000    20.000000  0.036631
255.000000    25.000000  0.038419
255.000000    30.000000  0.040526
255.000000    35.000000  0.042947
255.000000    40.000000  0.045638
255.000000    45.000000  0.048523
255.000000    50.000000  0.051563
255.000000    55.000000  0.054734
255.000000    60.000000  0.057992
255.000000    65.000000  0.061220
255.000000    70.000000  0.064240
255.000000    75.000000  0.067172
255.000000    80.000000  0.070536
255.000000    85.000000  0.074558
255.000000    90.000000  0.078854
255.000000    95.000000  0.083407
255.000000    100.000000  0.088031
255.000000    105.000000  0.092562
255.000000    110.000000  0.096789
255.000000    115.000000  0.100644
255.000000    120.000000  0.104301
255.000000    125.000000  0.107880
255.000000    130.000000  0.111343
255.000000    135.000000  0.114630
255.000000    140.000000  0.117707
255.000000    145.000000  0.120555
255.000000    150.000000  0.123166
255.000000    155.000000  0.125495
255.000000    160.000000  0.127453
255.000000    165.000000  0.129058
255.000000    170.000000  0.130454
255.000000    175.000000  0.131468
255.000000    180.000000  0.131841
260.000000    0.000000  0.032891
260.000000    5.000000  0.033175
260.000000    10.000000  0.033876
260.000000    15.000000  0.035007
260.000000    20.000000  0.036518
260.000000    25.000000  0.038353
260.000000    30.000000  0.040464
260.000000    35.000000  0.042860
260.000000    40.000000  0.045538
260.000000    45.000000  0.048458
260.000000    50.000000  0.051547
260.000000    55.000000  0.054766
260.000000    60.000000  0.058093
260.000000    65.000000  0.061476
260.000000    70.000000  0.064783
260.000000    75.000000  0.067848
260.000000    80.000000  0.070828
260.000000    85.000000  0.074235
260.000000    90.000000  0.078308
260.000000    95.000000  0.082667
260.000000    100.000000  0.087249
260.000000    105.000000  0.091864
260.000000    110.000000  0.096356
260.000000    115.000000  0.100521
260.000000    120.000000  0.104291
260.000000    125.000000  0.107843
260.000000    130.000000  0.111292
260.000000    135.000000  0.114600
260.000000    140.000000  0.117704
260.000000    145.000000  0.120567
260.000000    150.000000  0.123167
260.000000    155.000000  0.125495
260.000000    160.000000  0.127498
260.000000    165.000000  0.129086
260.000000    170.000000  0.130277
260.000000    175.000000  0.131186
260.000000    180.000000  0.131653
265.000000    0.000000  0.032583
265.000000    5.000000  0.032956
265.000000    10.000000  0.033677
265.000000    15.000000  0.034795
265.000000    20.000000  0.036313
265.000000    25.000000  0.038180
265.000000    30.000000  0.040338
265.000000    35.000000  0.042740
265.000000    40.000000  0.045394
265.000000    45.000000  0.048301
265.000000    50.000000  0.051423
265.000000    55.000000  0.054690
265.000000    60.000000  0.058067
265.000000    65.000000  0.061528
265.000000    70.000000  0.065015
265.000000    75.000000  0.068376
265.000000    80.000000  0.071473
265.000000    85.000000  0.074491
265.000000    90.000000  0.077927
265.000000    95.000000  0.082040
265.000000    100.000000  0.086447
265.000000    105.000000  0.091035
265.000000    110.000000  0.095619
265.000000    115.000000  0.100051
265.000000    120.000000  0.104131
265.000000    125.000000  0.107795
265.000000    130.000000  0.111216
265.000000    135.000000  0.114510
265.000000    140.000000  0.117634
265.000000    145.000000  0.120523
265.000000    150.000000  0.123137
265.000000    155.000000  0.125451
265.000000    160.000000  0.127453
265.000000    165.000000  0.129086
265.000000    170.000000  0.130253
265.000000    175.000000  0.130981
265.000000    180.000000  0.131327
270.000000    0.000000  0.032350
270.000000    5.000000  0.032682
270.000000    10.000000  0.033482
270.000000    15.000000  0.034620
270.000000    20.000000  0.036126
270.000000    25.000000  0.037999
270.000000    30.000000  0.040186
270.000000    35.000000  0.042630
270.000000    40.000000  0.045287
270.000000    45.000000  0.048166
270.000000    50.000000  0.051270
270.000000    55.000000  0.054566
270.000000    60.000000  0.057985
270.000000    65.000000  0.061493
270.000000    70.000000  0.065063
270.000000    75.000000  0.068627
270.000000    80.000000  0.072014
270.000000    85.000000  0.075128
270.000000    90.000000  0.078167
270.000000    95.000000  0.081620
270.000000    100.000000  0.085764
270.000000    105.000000  0.090198
270.000000    110.000000  0.094770
270.000000    115.000000  0.099304
270.000000    120.000000  0.103657
270.000000    125.000000  0.107632
270.000000    130.000000  0.111168
270.000000    135.000000  0.114436
270.000000    140.000000  0.117548
270.000000    145.000000  0.120461
270.000000    150.000000  0.123103
270.000000    155.000000  0.125433
270.000000    160.000000  0.127424
270.000000    165.000000  0.129058
270.000000    170.000000  0.130277
270.000000    175.000000  0.130981
270.000000    180.000000  0.131212
275.000000    0.000000  0.032583
275.000000    5.000000  0.032682
275.000000    10.000000  0.033453
275.000000    15.000000  0.034701
275.000000    20.000000  0.036248
275.000000    25.000000  0.038122
275.000000    30.000000  0.040320
275.000000    35.000000  0.042795
275.000000    40.000000  0.045493
275.000000    45.000000  0.048374
275.000000    50.000000  0.051447
275.000000    55.000000  0.054720
275.000000    60.000000  0.058160
275.000000    65.000000  0.061703
275.000000    70.000000  0.065313
275.000000    75.000000  0.068963
275.000000    80.000000  0.072571
275.000000    85.000000  0.075954
275.000000    90.000000  0.079062
275.000000    95.000000  0.082101
275.000000    100.000000  0.085557
275.000000    105.000000  0.089722
275.000000    110.000000  0.094160
275.000000    115.000000  0.098693
275.000000    120.000000  0.103152
275.000000    125.000000  0.107400
275.000000    130.000000  0.111245
275.000000    135.000000  0.114627
275.000000    140.000000  0.117713
275.000000    145.000000  0.120613
275.000000    150.000000  0.123278
275.000000    155.000000  0.125633
275.000000    160.000000  0.127633
275.000000    165.000000  0.129247
275.000000    170.000000  0.130454
275.000000    175.000000  0.131186
275.000000    180.000000  0.131327
280.000000    0.000000  0.032891
280.000000    5.000000  0.032956
280.000000    10.000000  0.033482
280.000000    15.000000  0.034701
280.000000    20.000000  0.036392
280.000000    25.000000  0.038329
280.000000    30.000000  0.040544
280.000000    35.000000  0.043041
280.000000    40.000000  0.045778
280.000000    45.000000  0.048705
280.000000    50.000000  0.051785
280.000000    55.000000  0.055030
280.000000    60.000000  0.058450
280.000000    65.000000  0.062015
280.000000    70.000000  0.065662
280.000000    75.000000  0.069357
280.000000    80.000000  0.073067
280.000000    85.000000  0.076696
280.000000    90.000000  0.080055
280.000000    95.000000  0.083146
280.000000    100.000000  0.086171
280.000000    105.000000  0.089620
280.000000    110.000000  0.093794
280.000000    115.000000  0.098211
280.000000    120.000000  0.102680
280.000000    125.000000  0.107039
280.000000    130.000000  0.111156
280.000000    135.000000  0.114842
280.000000    140.000000  0.118038
280.000000    145.000000  0.120908
280.000000    150.000000  0.123557
280.000000    155.000000  0.125932
280.000000    160.000000  0.127953
280.000000    165.000000  0.129569
280.000000    170.000000  0.130748
280.000000    175.000000  0.131468
280.000000    180.000000  0.131653
285.000000    0.000000  0.033025
285.000000    5.000000  0.033175
285.000000    10.000000  0.033677
285.000000    15.000000  0.034620
285.000000    20.000000  0.036248
285.000000    25.000000  0.038329
285.000000    30.000000  0.040612
285.000000    35.000000  0.043131
285.000000    40.000000  0.045895
285.000000    45.000000  0.048864
285.000000    50.000000  0.051993
285.000000    55.000000  0.055247
285.000000    60.000000  0.058641
285.000000    65.000000  0.062188
285.000000    70.000000  0.065858
285.000000    75.000000  0.069591
285.000000    80.000000  0.073352
285.000000    85.000000  0.077102
285.000000    90.000000  0.080726
285.000000    95.000000  0.084046
285.000000    100.000000  0.087107
285.000000    105.000000  0.090106
285.000000    110.000000  0.093536
285.000000    115.000000  0.097703
285.000000    120.000000  0.102073
285.000000    125.000000  0.106452
285.000000    130.000000  0.110684
285.000000    135.000000  0.114642
285.000000    140.000000  0.118138
285.000000    145.000000  0.121116
285.000000    150.000000  0.123733
285.000000    155.000000  0.126091
285.000000    160.000000  0.128133
285.000000    165.000000  0.129771
285.000000    170.000000  0.130954
285.000000    175.000000  0.131649
285.000000    180.000000  0.131841
290.000000    0.000000  0.033149
290.000000    5.000000  0.033300
290.000000    10.000000  0.033876
290.000000    15.000000  0.034795
290.000000    20.000000  0.036126
290.000000    25.000000  0.038122
290.000000    30.000000  0.040544
290.000000    35.000000  0.043131
290.000000    40.000000  0.045918
290.000000    45.000000  0.048916
290.000000    50.000000  0.052088
290.000000    55.000000  0.055393
290.000000    60.000000  0.058798
290.000000    65.000000  0.062319
290.000000    70.000000  0.065973
290.000000    75.000000  0.069729
290.000000    80.000000  0.073529
290.000000    85.000000  0.077337
290.000000    90.000000  0.081106
290.000000    95.000000  0.084699
290.000000    100.000000  0.087968
290.000000    105.000000  0.090986
290.000000    110.000000  0.093944
290.000000    115.000000  0.097345
290.000000    120.000000  0.101483
290.000000    125.000000  0.105780
290.000000    130.000000  0.110043
290.000000    135.000000  0.114120
290.000000    140.000000  0.117888
290.000000    145.000000  0.121161
290.000000    150.000000  0.123885
290.000000    155.000000  0.126212
290.000000    160.000000  0.128239
290.000000    165.000000  0.129904
290.000000    170.000000  0.131114
290.000000    175.000000  0.131819
290.000000    180.000000  0.131996
295.000000    0.000000  0.033321
295.000000    5.000000  0.033450
295.000000    10.000000  0.034023
295.000000    15.000000  0.035007
295.000000    20.000000  0.036313
295.000000    25.000000  0.037999
295.000000    30.000000  0.040320
295.000000    35.000000  0.043041
295.000000    40.000000  0.045895
295.000000    45.000000  0.048916
295.000000    50.000000  0.052117
295.000000    55.000000  0.055466
295.000000    60.000000  0.058922
295.000000    65.000000  0.062456
295.000000    70.000000  0.066083
295.000000    75.000000  0.069823
295.000000    80.000000  0.073647
295.000000    85.000000  0.077496
295.000000    90.000000  0.081332
295.000000    95.000000  0.085098
295.000000    100.000000  0.088636
295.000000    105.000000  0.091842
295.000000    110.000000  0.094802
295.000000    115.000000  0.097704
295.000000    120.000000  0.101063
295.000000    125.000000  0.105149
295.000000    130.000000  0.109345
295.000000    135.000000  0.113463
295.000000    140.000000  0.117355
295.000000    145.000000  0.120900
295.000000    150.000000  0.123914
295.000000    155.000000  0.126346
295.000000    160.000000  0.128343
295.000000    165.000000  0.129995
295.000000    170.000000  0.131239
295.000000    175.000000  0.131978
295.000000    180.000000  0.132171
300.000000    0.000000  0.033463
300.000000    5.000000  0.033610
300.000000    10.000000  0.034168
300.000000    15.000000  0.035151
300.000000    20.000000  0.036518
300.000000    25.000000  0.038180
300.000000    30.000000  0.040186
300.000000    35.000000  0.042795
300.000000    40.000000  0.045778
300.000000    45.000000  0.048864
300.000000    50.000000  0.052088
300.000000    55.000000  0.055466
300.000000    60.000000  0.058966
300.000000    65.000000  0.062551
300.000000    70.000000  0.066192
300.000000    75.000000  0.069906
300.000000    80.000000  0.073714
300.000000    85.000000  0.077587
300.000000    90.000000  0.081467
300.000000    95.000000  0.085312
300.000000    100.000000  0.089050
300.000000    105.000000  0.092512
300.000000    110.000000  0.095643
300.000000    115.000000  0.098527
300.000000    120.000000  0.101359
300.000000    125.000000  0.104662
300.000000    130.000000  0.108666
300.000000    135.000000  0.112734
300.000000    140.000000  0.116675
300.000000    145.000000  0.120349
300.000000    150.000000  0.123635
300.000000    155.000000  0.126351
300.000000    160.000000  0.128448
300.000000    165.000000  0.130070
300.000000    170.000000  0.131303
300.000000    175.000000  0.132083
300.000000    180.000000  0.132313
305.000000    0.000000  0.033505
305.000000    5.000000  0.033705
305.000000    10.000000  0.034286
305.000000    15.000000  0.035261
305.000000    20.000000  0.036631
305.000000    25.000000  0.038353
305.000000    30.000000  0.040338
305.000000    35.000000  0.042630
305.000000    40.000000  0.045493
305.000000    45.000000  0.048705
305.000000    50.000000  0.051993
305.000000    55.000000  0.055393
305.000000    60.000000  0.058922
305.000000    65.000000  0.062551
305.000000    70.000000  0.066244
305.000000    75.000000  0.069972
305.000000    80.000000  0.073754
305.000000    85.000000  0.077612
305.000000    90.000000  0.081516
305.000000    95.000000  0.085408
305.000000    100.000000  0.089243
305.000000    105.000000  0.092926
305.000000    110.000000  0.096294
305.000000    115.000000  0.099334
305.000000    120.000000  0.102126
305.000000    125.000000  0.104871
305.000000    130.000000  0.108099
305.000000    135.000000  0.111993
305.000000    140.000000  0.115899
305.000000    145.000000  0.119631
305.000000    150.000000  0.123051
305.000000    155.000000  0.126038
305.000000    160.000000  0.128412
305.000000    165.000000  0.130127
305.000000    170.000000  0.131327
305.000000    175.000000  0.132097
305.000000    180.000000  0.132374
310.000000    0.000000  0.033432
310.000000    5.000000  0.033686
310.000000    10.000000  0.034321
310.000000    15.000000  0.035323
310.000000    20.000000  0.036691
310.000000    25.000000  0.038419
310.000000    30.000000  0.040464
310.000000    35.000000  0.042740
310.000000    40.000000  0.045287
310.000000    45.000000  0.048374
310.000000    50.000000  0.051785
310.000000    55.000000  0.055247
310.000000    60.000000  0.058798
310.000000    65.000000  0.062456
310.000000    70.000000  0.066192
310.000000    75.000000  0.069972
310.000000    80.000000  0.073768
310.000000    85.000000  0.077600
310.000000    90.000000  0.081489
310.000000    95.000000  0.085406
310.000000    100.000000  0.089292
310.000000    105.000000  0.093095
310.000000    110.000000  0.096696
310.000000    115.000000  0.099955
310.000000    120.000000  0.102887
310.000000    125.000000  0.105567
310.000000    130.000000  0.108208
310.000000    135.000000  0.111339
310.000000    140.000000  0.115090
310.000000    145.000000  0.118801
310.000000    150.000000  0.122288
310.000000    155.000000  0.125413
310.000000    160.000000  0.128059
310.000000    165.000000  0.130044
310.000000    170.000000  0.131332
310.000000    175.000000  0.132066
310.000000    180.000000  0.132337
315.000000    0.000000  0.033387
315.000000    5.000000  0.033624
315.000000    10.000000  0.034303
315.000000    15.000000  0.035354
315.000000    20.000000  0.036748
315.000000    25.000000  0.038475
315.000000    30.000000  0.040526
315.000000    35.000000  0.042860
315.000000    40.000000  0.045394
315.000000    45.000000  0.048166
315.000000    50.000000  0.051447
315.000000    55.000000  0.055030
315.000000    60.000000  0.058641
315.000000    65.000000  0.062319
315.000000    70.000000  0.066083
315.000000    75.000000  0.069906
315.000000    80.000000  0.073754
315.000000    85.000000  0.077600
315.000000    90.000000  0.081462
315.000000    95.000000  0.085364
315.000000    100.000000  0.089276
315.000000    105.000000  0.093137
315.000000    110.000000  0.096884
315.000000    115.000000  0.100378
315.000000    120.000000  0.103510
315.000000    125.000000  0.106316
315.000000    130.000000  0.108864
315.000000    135.000000  0.111384
315.000000    140.000000  0.114389
315.000000    145.000000  0.117965
315.000000    150.000000  0.121444
315.000000    155.000000  0.124646
315.000000    160.000000  0.127437
315.000000    165.000000  0.129697
315.000000    170.000000  0.131249
315.000000    175.000000  0.132066
315.000000    180.000000  0.132305
320.000000    0.000000  0.033432
320.000000    5.000000  0.033624
320.000000    10.000000  0.034281
320.000000    15.000000  0.035368
320.000000    20.000000  0.036805
320.000000    25.000000  0.038557
320.000000    30.000000  0.040607
320.000000    35.000000  0.042947
320.000000    40.000000  0.045538
320.000000    45.000000  0.048301
320.000000    50.000000  0.051270
320.000000    55.000000  0.054720
320.000000    60.000000  0.058450
320.000000    65.000000  0.062188
320.000000    70.000000  0.065973
320.000000    75.000000  0.069823
320.000000    80.000000  0.073714
320.000000    85.000000  0.077612
320.000000    90.000000  0.081489
320.000000    95.000000  0.085364
320.000000    100.000000  0.089262
320.000000    105.000000  0.093149
320.000000    110.000000  0.096965
320.000000    115.000000  0.100633
320.000000    120.000000  0.103996
320.000000    125.000000  0.106983
320.000000    130.000000  0.109643
320.000000    135.000000  0.112037
320.000000    140.000000  0.114414
320.000000    145.000000  0.117263
320.000000    150.000000  0.120626
320.000000    155.000000  0.123833
320.000000    160.000000  0.126709
320.000000    165.000000  0.129121
320.000000    170.000000  0.130951
320.000000    175.000000  0.132025
320.000000    180.000000  0.132337
325.000000    0.000000  0.032890
325.000000    5.000000  0.033655
325.000000    10.000000  0.034280
325.000000    15.000000  0.035352
325.000000    20.000000  0.036826
325.000000    25.000000  0.038621
325.000000    30.000000  0.040698
325.000000    35.000000  0.043039
325.000000    40.000000  0.045638
325.000000    45.000000  0.048458
325.000000    50.000000  0.051423
325.000000    55.000000  0.054566
325.000000    60.000000  0.058160
325.000000    65.000000  0.062015
325.000000    70.000000  0.065858
325.000000    75.000000  0.069729
325.000000    80.000000  0.073647
325.000000    85.000000  0.077587
325.000000    90.000000  0.081516
325.000000    95.000000  0.085406
325.000000    100.000000  0.089276
325.000000    105.000000  0.093149
325.000000    110.000000  0.096994
325.000000    115.000000  0.100744
325.000000    120.000000  0.104304
325.000000    125.000000  0.107513
325.000000    130.000000  0.110337
325.000000    135.000000  0.112826
325.000000    140.000000  0.115039
325.000000    145.000000  0.117246
325.000000    150.000000  0.119903
325.000000    155.000000  0.123020
325.000000    160.000000  0.125913
325.000000    165.000000  0.128415
325.000000    170.000000  0.130401
325.000000    175.000000  0.131752
325.000000    180.000000  0.132295
330.000000    0.000000  0.031351
330.000000    5.000000  0.032923
330.000000    10.000000  0.034233
330.000000    15.000000  0.035287
330.000000    20.000000  0.036754
330.000000    25.000000  0.038591
330.000000    30.000000  0.040716
330.000000    35.000000  0.043088
330.000000    40.000000  0.045692
330.000000    45.000000  0.048523
330.000000    50.000000  0.051547
330.000000    55.000000  0.054690
330.000000    60.000000  0.057985
330.000000    65.000000  0.061703
330.000000    70.000000  0.065662
330.000000    75.000000  0.069591
330.000000    80.000000  0.073529
330.000000    85.000000  0.077496
330.000000    90.000000  0.081467
330.000000    95.000000  0.085408
330.000000    100.000000  0.089292
330.000000    105.000000  0.093137
330.000000    110.000000  0.096965
330.000000    115.000000  0.100744
330.000000    120.000000  0.104401
330.000000    125.000000  0.107819
330.000000    130.000000  0.110845
330.000000    135.000000  0.113471
330.000000    140.000000  0.115751
330.000000    145.000000  0.117739
330.000000    150.000000  0.119730
330.000000    155.000000  0.122193
330.000000    160.000000  0.125064
330.000000    165.000000  0.127592
330.000000    170.000000  0.129670
330.000000    175.000000  0.131174
330.000000    180.000000  0.131970
335.000000    0.000000  0.029512
335.000000    5.000000  0.031124
335.000000    10.000000  0.033352
335.000000    15.000000  0.035184
335.000000    20.000000  0.036637
335.000000    25.000000  0.038468
335.000000    30.000000  0.040633
335.000000    35.000000  0.043053
335.000000    40.000000  0.045689
335.000000    45.000000  0.048527
335.000000    50.000000  0.051563
335.000000    55.000000  0.054766
335.000000    60.000000  0.058067
335.000000    65.000000  0.061493
335.000000    70.000000  0.065313
335.000000    75.000000  0.069357
335.000000    80.000000  0.073352
335.000000    85.000000  0.077337
335.000000    90.000000  0.081332
335.000000    95.000000  0.085312
335.000000    100.000000  0.089243
335.000000    105.000000  0.093095
335.000000    110.000000  0.096884
335.000000    115.000000  0.100633
335.000000    120.000000  0.104304
335.000000    125.000000  0.107819
335.000000    130.000000  0.111038
335.000000    135.000000  0.113828
335.000000    140.000000  0.116205
335.000000    145.000000  0.118224
335.000000    150.000000  0.119940
335.000000    155.000000  0.121721
335.000000    160.000000  0.124157
335.000000    165.000000  0.126707
335.000000    170.000000  0.128820
335.000000    175.000000  0.130417
335.000000    180.000000  0.131349
340.000000    0.000000  0.027698
340.000000    5.000000  0.029077
340.000000    10.000000  0.031312
340.000000    15.000000  0.034188
340.000000    20.000000  0.036502
340.000000    25.000000  0.038316
340.000000    30.000000  0.040473
340.000000    35.000000  0.042929
340.000000    40.000000  0.045610
340.000000    45.000000  0.048478
340.000000    50.000000  0.051520
340.000000    55.000000  0.054734
340.000000    60.000000  0.058093
340.000000    65.000000  0.061528
340.000000    70.000000  0.065063
340.000000    75.000000  0.068963
340.000000    80.000000  0.073067
340.000000    85.000000  0.077102
340.000000    90.000000  0.081106
340.000000    95.000000  0.085098
340.000000    100.000000  0.089050
340.000000    105.000000  0.092926
340.000000    110.000000  0.096696
340.000000    115.000000  0.100378
340.000000    120.000000  0.103996
340.000000    125.000000  0.107513
340.000000    130.000000  0.110845
340.000000    135.000000  0.113828
340.000000    140.000000  0.116360
340.000000    145.000000  0.118466
340.000000    150.000000  0.120203
340.000000    155.000000  0.121671
340.000000    160.000000  0.123508
340.000000    165.000000  0.125769
340.000000    170.000000  0.127922
340.000000    175.000000  0.129560
340.000000    180.000000  0.130579
345.000000    0.000000  0.026019
345.000000    5.000000  0.027119
345.000000    10.000000  0.029037
345.000000    15.000000  0.031896
345.000000    20.000000  0.035402
345.000000    25.000000  0.038151
345.000000    30.000000  0.040285
345.000000    35.000000  0.042728
345.000000    40.000000  0.045439
345.000000    45.000000  0.048346
345.000000    50.000000  0.051413
345.000000    55.000000  0.054629
345.000000    60.000000  0.057992
345.000000    65.000000  0.061476
345.000000    70.000000  0.065015
345.000000    75.000000  0.068627
345.000000    80.000000  0.072571
345.000000    85.000000  0.076696
345.000000    90.000000  0.080726
345.000000    95.000000  0.084699
345.000000    100.000000  0.088636
345.000000    105.000000  0.092512
345.000000    110.000000  0.096294
345.000000    115.000000  0.099955
345.000000    120.000000  0.103510
345.000000    125.000000  0.106983
345.000000    130.000000  0.110337
345.000000    135.000000  0.113471
345.000000    140.000000  0.116205
345.000000    145.000000  0.118466
345.000000    150.000000  0.120288
345.000000    155.000000  0.121772
345.000000    160.000000  0.123292
345.000000    165.000000  0.125098
345.000000    170.000000  0.126992
345.000000    175.000000  0.128680
345.000000    180.000000  0.129734
350.000000    0.000000  0.024263
350.000000    5.000000  0.025367
350.000000    10.000000  0.026901
350.000000    15.000000  0.029359
350.000000    20.000000  0.032832
350.000000    25.000000  0.036939
350.000000    30.000000  0.040069
350.000000    35.000000  0.042479
350.000000    40.000000  0.045166
350.000000    45.000000  0.048090
350.000000    50.000000  0.051181
350.000000    55.000000  0.054406
350.000000    60.000000  0.057752
350.000000    65.000000  0.061220
350.000000    70.000000  0.064783
350.000000    75.000000  0.068376
350.000000    80.000000  0.072014
350.000000    85.000000  0.075954
350.000000    90.000000  0.080055
350.000000    95.000000  0.084046
350.000000    100.000000  0.087968
350.000000    105.000000  0.091842
350.000000    110.000000  0.095643
350.000000    115.000000  0.099334
350.000000    120.000000  0.102887
350.000000    125.000000  0.106316
350.000000    130.000000  0.109643
350.000000    135.000000  0.112826
350.000000    140.000000  0.115751
350.000000    145.000000  0.118224
350.000000    150.000000  0.120203
350.000000    155.000000  0.121772
350.000000    160.000000  0.123303
350.000000    165.000000  0.124839
350.000000    170.000000  0.126307
350.000000    175.000000  0.127748
350.000000    180.000000  0.128843
355.000000    0.000000  0.022000
355.000000    5.000000  0.023617
355.000000    10.000000  0.025009
355.000000    15.000000  0.026973
355.000000    20.000000  0.029957
355.000000    25.000000  0.034020
355.000000    30.000000  0.038680
355.000000    35.000000  0.042127
355.000000    40.000000  0.044764
355.000000    45.000000  0.047644
355.000000    50.000000  0.050730
355.000000    55.000000  0.053955
355.000000    60.000000  0.057285
355.000000    65.000000  0.060712
355.000000    70.000000  0.064240
355.000000    75.000000  0.067848
355.000000    80.000000  0.071473
355.000000    85.000000  0.075128
355.000000    90.000000  0.079062
355.000000    95.000000  0.083146
355.000000    100.000000  0.087107
355.000000    105.000000  0.090986
355.000000    110.000000  0.094802
355.000000    115.000000  0.098527
355.000000    120.000000  0.102126
355.000000    125.000000  0.105567
355.000000    130.000000  0.108864
355.000000    135.000000  0.112037
355.000000    140.000000  0.115039
355.000000    145.000000  0.117739
355.000000    150.000000  0.119940
355.000000    155.000000  0.121671
355.000000    160.000000  0.123292
355.000000    165.000000  0.124839
355.000000    170.000000  0.126020
355.000000    175.000000  0.127072
355.000000    180.000000  0.127903
360.000000    0.000000  0.021078
360.000000    5.000000  0.021727
360.000000    10.000000  0.023357
360.000000    15.000000  0.025018
360.000000    20.000000  0.027382
360.000000    25.000000  0.030859
360.000000    30.000000  0.035476
360.000000    35.000000  0.040625
360.000000    40.000000  0.044316
360.000000    45.000000  0.047122
360.000000    50.000000  0.050142
360.000000    55.000000  0.053347
360.000000    60.000000  0.056671
360.000000    65.000000  0.060086
360.000000    70.000000  0.063585
360.000000    75.000000  0.067172
360.000000    80.000000  0.070828
360.000000    85.000000  0.074491
360.000000    90.000000  0.078167
360.000000    95.000000  0.082101
360.000000    100.000000  0.086171
360.000000    105.000000  0.090106
360.000000    110.000000  0.093944
360.000000    115.000000  0.097704
360.000000    120.000000  0.101359
360.000000    125.000000  0.104871
360.000000    130.000000  0.108208
360.000000    135.000000  0.111384
360.000000    140.000000  0.114414
360.000000    145.000000  0.117246
360.000000    150.000000  0.119730
360.000000    155.000000  0.121721
360.000000    160.000000  0.123508
360.000000    165.000000  0.125098
360.000000    170.000000  0.126307
360.000000    175.000000  0.127072
360.000000    180.000000  0.127603
