0.000000    0.000000  0.046964
0.000000    5.000000  0.047218
0.000000    10.000000  0.047944
0.000000    15.000000  0.049054
0.000000    20.000000  0.050608
0.000000    25.000000  0.052606
0.000000    30.000000  0.054994
0.000000    35.000000  0.057696
0.000000    40.000000  0.060651
0.000000    45.000000  0.063893
0.000000    50.000000  0.067418
0.000000    55.000000  0.071197
0.000000    60.000000  0.075139
0.000000    65.000000  0.079202
0.000000    70.000000  0.083391
0.000000    75.000000  0.087705
0.000000    80.000000  0.092123
0.000000    85.000000  0.096552
0.000000    90.000000  0.101001
0.000000    95.000000  0.105470
0.000000    100.000000  0.109922
0.000000    105.000000  0.114274
0.000000    110.000000  0.118558
0.000000    115.000000  0.122779
0.000000    120.000000  0.126901
0.000000    125.000000  0.130863
0.000000    130.000000  0.134616
0.000000    135.000000  0.138198
0.000000    140.000000  0.141608
0.000000    145.000000  0.144816
0.000000    150.000000  0.147720
0.000000    155.000000  0.150268
0.000000    160.000000  0.152452
0.000000    165.000000  0.154252
0.000000    170.000000  0.155613
0.000000    175.000000  0.156406
0.000000    180.000000  0.156664
5.000000    0.000000  0.046990
5.000000    5.000000  0.047218
5.000000    10.000000  0.047947
5.000000    15.000000  0.049138
5.000000    20.000000  0.050698
5.000000    25.000000  0.052670
5.000000    30.000000  0.055048
5.000000    35.000000  0.057779
5.000000    40.000000  0.060786
5.000000    45.000000  0.064010
5.000000    50.000000  0.067486
5.000000    55.000000  0.071212
5.000000    60.000000  0.075162
5.000000    65.000000  0.079247
5.000000    70.000000  0.083427
5.000000    75.000000  0.087709
5.000000    80.000000  0.092094
5.000000    85.000000  0.096560
5.000000    90.000000  0.101016
5.000000    95.000000  0.105470
5.000000    100.000000  0.109924
5.000000    105.000000  0.114339
5.000000    110.000000  0.118632
5.000000    115.000000  0.122834
5.000000    120.000000  0.126950
5.000000    125.000000  0.130941
5.000000    130.000000  0.134744
5.000000    135.000000  0.138309
5.000000    140.000000  0.141672
5.000000    145.000000  0.144829
5.000000    150.000000  0.147747
5.000000    155.000000  0.150319
5.000000    160.000000  0.152492
5.000000    165.000000  0.154256
5.000000    170.000000  0.155596
5.000000    175.000000  0.156453
5.000000    180.000000  0.156702
10.000000    0.000000  0.046995
10.000000    5.000000  0.047237
10.000000    10.000000  0.047944
10.000000    15.000000  0.049138
10.000000    20.000000  0.050774
10.000000    25.000000  0.052752
10.000000    30.000000  0.055107
10.000000    35.000000  0.057829
10.000000    40.000000  0.060865
10.000000    45.000000  0.064141
10.000000    50.000000  0.067600
10.000000    55.000000  0.071278
10.000000    60.000000  0.075175
10.000000    65.000000  0.079267
10.000000    70.000000  0.083470
10.000000    75.000000  0.087743
10.000000    80.000000  0.092095
10.000000    85.000000  0.096528
10.000000    90.000000  0.101021
10.000000    95.000000  0.105483
10.000000    100.000000  0.109922
10.000000    105.000000  0.114339
10.000000    110.000000  0.118694
10.000000    115.000000  0.122906
10.000000    120.000000  0.127003
10.000000    125.000000  0.130987
10.000000    130.000000  0.134820
10.000000    135.000000  0.138435
10.000000    140.000000  0.141781
10.000000    145.000000  0.144890
10.000000    150.000000  0.147757
10.000000    155.000000  0.150345
10.000000    160.000000  0.152542
10.000000    165.000000  0.154294
10.000000    170.000000  0.155595
10.000000    175.000000  0.156434
10.000000    180.000000  0.156757
15.000000    0.000000  0.046803
15.000000    5.000000  0.047140
15.000000    10.000000  0.047871
15.000000    15.000000  0.049054
15.000000    20.000000  0.050698
15.000000    25.000000  0.052752
15.000000    30.000000  0.055117
15.000000    35.000000  0.057819
15.000000    40.000000  0.060848
15.000000    45.000000  0.064154
15.000000    50.000000  0.067665
15.000000    55.000000  0.071327
15.000000    60.000000  0.075177
15.000000    65.000000  0.079217
15.000000    70.000000  0.083428
15.000000    75.000000  0.087723
15.000000    80.000000  0.092067
15.000000    85.000000  0.096467
15.000000    90.000000  0.100927
15.000000    95.000000  0.105425
15.000000    100.000000  0.109872
15.000000    105.000000  0.114274
15.000000    110.000000  0.118632
15.000000    115.000000  0.122906
15.000000    120.000000  0.127012
15.000000    125.000000  0.130977
15.000000    130.000000  0.134803
15.000000    135.000000  0.138448
15.000000    140.000000  0.141843
15.000000    145.000000  0.144934
15.000000    150.000000  0.147752
15.000000    155.000000  0.150289
15.000000    160.000000  0.152504
15.000000    165.000000  0.154280
15.000000    170.000000  0.155564
15.000000    175.000000  0.156358
15.000000    180.000000  0.156660
20.000000    0.000000  0.046660
20.000000    5.000000  0.046966
20.000000    10.000000  0.047774
20.000000    15.000000  0.048976
20.000000    20.000000  0.050608
20.000000    25.000000  0.052670
20.000000    30.000000  0.055107
20.000000    35.000000  0.057819
20.000000    40.000000  0.060829
20.000000    45.000000  0.064128
20.000000    50.000000  0.067669
20.000000    55.000000  0.071382
20.000000    60.000000  0.075217
20.000000    65.000000  0.079210
20.000000    70.000000  0.083368
20.000000    75.000000  0.087672
20.000000    80.000000  0.092038
20.000000    85.000000  0.096430
20.000000    90.000000  0.100857
20.000000    95.000000  0.105322
20.000000    100.000000  0.109805
20.000000    105.000000  0.114214
20.000000    110.000000  0.118558
20.000000    115.000000  0.122834
20.000000    120.000000  0.127003
20.000000    125.000000  0.130977
20.000000    130.000000  0.134785
20.000000    135.000000  0.138423
20.000000    140.000000  0.141849
20.000000    145.000000  0.144990
20.000000    150.000000  0.147789
20.000000    155.000000  0.150278
20.000000    160.000000  0.152445
20.000000    165.000000  0.154247
20.000000    170.000000  0.155560
20.000000    175.000000  0.156340
20.000000    180.000000  0.156602
25.000000    0.000000  0.046621
25.000000    5.000000  0.046877
25.000000    10.000000  0.047648
25.000000    15.000000  0.048912
25.000000    20.000000  0.050558
25.000000    25.000000  0.052606
25.000000    30.000000  0.055048
25.000000    35.000000  0.057829
25.000000    40.000000  0.060848
25.000000    45.000000  0.064128
25.000000    50.000000  0.067662
25.000000    55.000000  0.071405
25.000000    60.000000  0.075290
25.000000    65.000000  0.079268
25.000000    70.000000  0.083380
25.000000    75.000000  0.087631
25.000000    80.000000  0.092005
25.000000    85.000000  0.096419
25.000000    90.000000  0.100838
25.000000    95.000000  0.105271
25.000000    100.000000  0.109721
25.000000    105.000000  0.114167
25.000000    110.000000  0.118517
25.000000    115.000000  0.122779
25.000000    120.000000  0.126950
25.000000    125.000000  0.130987
25.000000    130.000000  0.134803
25.000000    135.000000  0.138423
25.000000    140.000000  0.141843
25.000000    145.000000  0.145015
25.000000    150.000000  0.147865
25.000000    155.000000  0.150334
25.000000    160.000000  0.152452
25.000000    165.000000  0.154209
25.000000    170.000000  0.155557
25.000000    175.000000  0.156371
25.000000    180.000000  0.156620
30.000000    0.000000  0.046610
30.000000    5.000000  0.046853
30.000000    10.000000  0.047580
30.000000    15.000000  0.048808
30.000000    20.000000  0.050507
30.000000    25.000000  0.052567
30.000000    30.000000  0.054994
30.000000    35.000000  0.057779
30.000000    40.000000  0.060865
30.000000    45.000000  0.064154
30.000000    50.000000  0.067669
30.000000    55.000000  0.071405
30.000000    60.000000  0.075319
30.000000    65.000000  0.079348
30.000000    70.000000  0.083444
30.000000    75.000000  0.087649
30.000000    80.000000  0.091971
30.000000    85.000000  0.096393
30.000000    90.000000  0.100834
30.000000    95.000000  0.105258
30.000000    100.000000  0.109675
30.000000    105.000000  0.114089
30.000000    110.000000  0.118476
30.000000    115.000000  0.122745
30.000000    120.000000  0.126901
30.000000    125.000000  0.130941
30.000000    130.000000  0.134820
30.000000    135.000000  0.138448
30.000000    140.000000  0.141849
30.000000    145.000000  0.145015
30.000000    150.000000  0.147897
30.000000    155.000000  0.150416
30.000000    160.000000  0.152512
30.000000    165.000000  0.154217
30.000000    170.000000  0.155521
30.000000    175.000000  0.156379
30.000000    180.000000  0.156665
35.000000    0.000000  0.046499
35.000000    5.000000  0.046797
35.000000    10.000000  0.047518
35.000000    15.000000  0.048709
35.000000    20.000000  0.050376
35.000000    25.000000  0.052485
35.000000    30.000000  0.054924
35.000000    35.000000  0.057696
35.000000    40.000000  0.060786
35.000000    45.000000  0.064141
35.000000    50.000000  0.067665
35.000000    55.000000  0.071382
35.000000    60.000000  0.075290
35.000000    65.000000  0.079348
35.000000    70.000000  0.083495
35.000000    75.000000  0.087685
35.000000    80.000000  0.091960
35.000000    85.000000  0.096330
35.000000    90.000000  0.100779
35.000000    95.000000  0.105225
35.000000    100.000000  0.109634
35.000000    105.000000  0.114015
35.000000    110.000000  0.118369
35.000000    115.000000  0.122675
35.000000    120.000000  0.126838
35.000000    125.000000  0.130863
35.000000    130.000000  0.134744
35.000000    135.000000  0.138435
35.000000    140.000000  0.141843
35.000000    145.000000  0.144990
35.000000    150.000000  0.147865
35.000000    155.000000  0.150416
35.000000    160.000000  0.152560
35.000000    165.000000  0.154237
35.000000    170.000000  0.155485
35.000000    175.000000  0.156296
35.000000    180.000000  0.156632
40.000000    0.000000  0.046273
40.000000    5.000000  0.046621
40.000000    10.000000  0.047396
40.000000    15.000000  0.048587
40.000000    20.000000  0.050222
40.000000    25.000000  0.052303
40.000000    30.000000  0.054791
40.000000    35.000000  0.057574
40.000000    40.000000  0.060651
40.000000    45.000000  0.064010
40.000000    50.000000  0.067600
40.000000    55.000000  0.071327
40.000000    60.000000  0.075217
40.000000    65.000000  0.079268
40.000000    70.000000  0.083444
40.000000    75.000000  0.087685
40.000000    80.000000  0.091945
40.000000    85.000000  0.096269
40.000000    90.000000  0.100666
40.000000    95.000000  0.105120
40.000000    100.000000  0.109551
40.000000    105.000000  0.113923
40.000000    110.000000  0.118245
40.000000    115.000000  0.122518
40.000000    120.000000  0.126719
40.000000    125.000000  0.130750
40.000000    130.000000  0.134616
40.000000    135.000000  0.138309
40.000000    140.000000  0.141781
40.000000    145.000000  0.144934
40.000000    150.000000  0.147789
40.000000    155.000000  0.150334
40.000000    160.000000  0.152512
40.000000    165.000000  0.154237
40.000000    170.000000  0.155452
40.000000    175.000000  0.156205
40.000000    180.000000  0.156495
45.000000    0.000000  0.046181
45.000000    5.000000  0.046457
45.000000    10.000000  0.047263
45.000000    15.000000  0.048496
45.000000    20.000000  0.050128
45.000000    25.000000  0.052176
45.000000    30.000000  0.054632
45.000000    35.000000  0.057460
45.000000    40.000000  0.060547
45.000000    45.000000  0.063893
45.000000    50.000000  0.067486
45.000000    55.000000  0.071278
45.000000    60.000000  0.075177
45.000000    65.000000  0.079210
45.000000    70.000000  0.083380
45.000000    75.000000  0.087649
45.000000    80.000000  0.091960
45.000000    85.000000  0.096269
45.000000    90.000000  0.100619
45.000000    95.000000  0.105022
45.000000    100.000000  0.109461
45.000000    105.000000  0.113855
45.000000    110.000000  0.118169
45.000000    115.000000  0.122409
45.000000    120.000000  0.126577
45.000000    125.000000  0.130646
45.000000    130.000000  0.134519
45.000000    135.000000  0.138198
45.000000    140.000000  0.141672
45.000000    145.000000  0.144890
45.000000    150.000000  0.147752
45.000000    155.000000  0.150278
45.000000    160.000000  0.152452
45.000000    165.000000  0.154217
45.000000    170.000000  0.155485
45.000000    175.000000  0.156205
45.000000    180.000000  0.156441
50.000000    0.000000  0.046273
50.000000    5.000000  0.046457
50.000000    10.000000  0.047188
50.000000    15.000000  0.048437
50.000000    20.000000  0.050101
50.000000    25.000000  0.052140
50.000000    30.000000  0.054562
50.000000    35.000000  0.057356
50.000000    40.000000  0.060485
50.000000    45.000000  0.063839
50.000000    50.000000  0.067418
50.000000    55.000000  0.071212
50.000000    60.000000  0.075175
50.000000    65.000000  0.079217
50.000000    70.000000  0.083368
50.000000    75.000000  0.087631
50.000000    80.000000  0.091971
50.000000    85.000000  0.096330
50.000000    90.000000  0.100666
50.000000    95.000000  0.105022
50.000000    100.000000  0.109409
50.000000    105.000000  0.113812
50.000000    110.000000  0.118147
50.000000    115.000000  0.122380
50.000000    120.000000  0.126515
50.000000    125.000000  0.130552
50.000000    130.000000  0.134463
50.000000    135.000000  0.138149
50.000000    140.000000  0.141608
50.000000    145.000000  0.144829
50.000000    150.000000  0.147757
50.000000    155.000000  0.150289
50.000000    160.000000  0.152445
50.000000    165.000000  0.154209
50.000000    170.000000  0.155521
50.000000    175.000000  0.156296
50.000000    180.000000  0.156495
55.000000    0.000000  0.046499
55.000000    5.000000  0.046621
55.000000    10.000000  0.047263
55.000000    15.000000  0.048437
55.000000    20.000000  0.050110
55.000000    25.000000  0.052175
55.000000    30.000000  0.054586
55.000000    35.000000  0.057344
55.000000    40.000000  0.060438
55.000000    45.000000  0.063832
55.000000    50.000000  0.067418
55.000000    55.000000  0.071197
55.000000    60.000000  0.075162
55.000000    65.000000  0.079267
55.000000    70.000000  0.083428
55.000000    75.000000  0.087672
55.000000    80.000000  0.092005
55.000000    85.000000  0.096393
55.000000    90.000000  0.100779
55.000000    95.000000  0.105120
55.000000    100.000000  0.109461
55.000000    105.000000  0.113812
55.000000    110.000000  0.118155
55.000000    115.000000  0.122410
55.000000    120.000000  0.126536
55.000000    125.000000  0.130541
55.000000    130.000000  0.134420
55.000000    135.000000  0.138144
55.000000    140.000000  0.141610
55.000000    145.000000  0.144816
55.000000    150.000000  0.147747
55.000000    155.000000  0.150345
55.000000    160.000000  0.152504
55.000000    165.000000  0.154247
55.000000    170.000000  0.155557
55.000000    175.000000  0.156379
55.000000    180.000000  0.156632
60.000000    0.000000  0.046610
60.000000    5.000000  0.046797
60.000000    10.000000  0.047396
60.000000    15.000000  0.048496
60.000000    20.000000  0.050101
60.000000    25.000000  0.052175
60.000000    30.000000  0.054611
60.000000    35.000000  0.057359
60.000000    40.000000  0.060418
60.000000    45.000000  0.063778
60.000000    50.000000  0.067402
60.000000    55.000000  0.071189
60.000000    60.000000  0.075139
60.000000    65.000000  0.079247
60.000000    70.000000  0.083470
60.000000    75.000000  0.087723
60.000000    80.000000  0.092038
60.000000    85.000000  0.096419
60.000000    90.000000  0.100834
60.000000    95.000000  0.105225
60.000000    100.000000  0.109551
60.000000    105.000000  0.113855
60.000000    110.000000  0.118147
60.000000    115.000000  0.122410
60.000000    120.000000  0.126559
60.000000    125.000000  0.130554
60.000000    130.000000  0.134400
60.000000    135.000000  0.138092
60.000000    140.000000  0.141597
60.000000    145.000000  0.144807
60.000000    150.000000  0.147720
60.000000    155.000000  0.150319
60.000000    160.000000  0.152542
60.000000    165.000000  0.154280
60.000000    170.000000  0.155560
60.000000    175.000000  0.156371
60.000000    180.000000  0.156665
65.000000    0.000000  0.046621
65.000000    5.000000  0.046853
65.000000    10.000000  0.047518
65.000000    15.000000  0.048587
65.000000    20.000000  0.050128
65.000000    25.000000  0.052140
65.000000    30.000000  0.054586
65.000000    35.000000  0.057359
65.000000    40.000000  0.060409
65.000000    45.000000  0.063735
65.000000    50.000000  0.067326
65.000000    55.000000  0.071151
65.000000    60.000000  0.075108
65.000000    65.000000  0.079202
65.000000    70.000000  0.083427
65.000000    75.000000  0.087743
65.000000    80.000000  0.092067
65.000000    85.000000  0.096430
65.000000    90.000000  0.100838
65.000000    95.000000  0.105258
65.000000    100.000000  0.109634
65.000000    105.000000  0.113923
65.000000    110.000000  0.118169
65.000000    115.000000  0.122380
65.000000    120.000000  0.126536
65.000000    125.000000  0.130554
65.000000    130.000000  0.134391
65.000000    135.000000  0.138049
65.000000    140.000000  0.141522
65.000000    145.000000  0.144772
65.000000    150.000000  0.147688
65.000000    155.000000  0.150268
65.000000    160.000000  0.152492
65.000000    165.000000  0.154294
65.000000    170.000000  0.155564
65.000000    175.000000  0.156340
65.000000    180.000000  0.156620
70.000000    0.000000  0.046660
70.000000    5.000000  0.046877
70.000000    10.000000  0.047580
70.000000    15.000000  0.048709
70.000000    20.000000  0.050222
70.000000    25.000000  0.052176
70.000000    30.000000  0.054562
70.000000    35.000000  0.057344
70.000000    40.000000  0.060418
70.000000    45.000000  0.063735
70.000000    50.000000  0.067293
70.000000    55.000000  0.071084
70.000000    60.000000  0.075079
70.000000    65.000000  0.079180
70.000000    70.000000  0.083391
70.000000    75.000000  0.087709
70.000000    80.000000  0.092095
70.000000    85.000000  0.096467
70.000000    90.000000  0.100857
70.000000    95.000000  0.105271
70.000000    100.000000  0.109675
70.000000    105.000000  0.114015
70.000000    110.000000  0.118245
70.000000    115.000000  0.122409
70.000000    120.000000  0.126515
70.000000    125.000000  0.130541
70.000000    130.000000  0.134400
70.000000    135.000000  0.138049
70.000000    140.000000  0.141488
70.000000    145.000000  0.144707
70.000000    150.000000  0.147665
70.000000    155.000000  0.150248
70.000000    160.000000  0.152452
70.000000    165.000000  0.154256
70.000000    170.000000  0.155595
70.000000    175.000000  0.156358
70.000000    180.000000  0.156602
75.000000    0.000000  0.046803
75.000000    5.000000  0.046966
75.000000    10.000000  0.047648
75.000000    15.000000  0.048808
75.000000    20.000000  0.050376
75.000000    25.000000  0.052303
75.000000    30.000000  0.054632
75.000000    35.000000  0.057356
75.000000    40.000000  0.060438
75.000000    45.000000  0.063778
75.000000    50.000000  0.067326
75.000000    55.000000  0.071084
75.000000    60.000000  0.075046
75.000000    65.000000  0.079184
75.000000    70.000000  0.083401
75.000000    75.000000  0.087705
75.000000    80.000000  0.092094
75.000000    85.000000  0.096528
75.000000    90.000000  0.100927
75.000000    95.000000  0.105322
75.000000    100.000000  0.109721
75.000000    105.000000  0.114089
75.000000    110.000000  0.118369
75.000000    115.000000  0.122518
75.000000    120.000000  0.126577
75.000000    125.000000  0.130552
75.000000    130.000000  0.134420
75.000000    135.000000  0.138092
75.000000    140.000000  0.141522
75.000000    145.000000  0.144707
75.000000    150.000000  0.147635
75.000000    155.000000  0.150262
75.000000    160.000000  0.152468
75.000000    165.000000  0.154252
75.000000    170.000000  0.155596
75.000000    175.000000  0.156434
75.000000    180.000000  0.156660
80.000000    0.000000  0.046995
80.000000    5.000000  0.047140
80.000000    10.000000  0.047774
80.000000    15.000000  0.048912
80.000000    20.000000  0.050507
80.000000    25.000000  0.052485
80.000000    30.000000  0.054791
80.000000    35.000000  0.057460
80.000000    40.000000  0.060485
80.000000    45.000000  0.063832
80.000000    50.000000  0.067402
80.000000    55.000000  0.071151
80.000000    60.000000  0.075079
80.000000    65.000000  0.079184
80.000000    70.000000  0.083438
80.000000    75.000000  0.087749
80.000000    80.000000  0.092123
80.000000    85.000000  0.096560
80.000000    90.000000  0.101021
80.000000    95.000000  0.105425
80.000000    100.000000  0.109805
80.000000    105.000000  0.114167
80.000000    110.000000  0.118476
80.000000    115.000000  0.122675
80.000000    120.000000  0.126719
80.000000    125.000000  0.130646
80.000000    130.000000  0.134463
80.000000    135.000000  0.138144
80.000000    140.000000  0.141597
80.000000    145.000000  0.144772
80.000000    150.000000  0.147665
80.000000    155.000000  0.150262
80.000000    160.000000  0.152513
80.000000    165.000000  0.154296
80.000000    170.000000  0.155613
80.000000    175.000000  0.156453
80.000000    180.000000  0.156757
85.000000    0.000000  0.046990
85.000000    5.000000  0.047237
85.000000    10.000000  0.047871
85.000000    15.000000  0.048976
85.000000    20.000000  0.050558
85.000000    25.000000  0.052567
85.000000    30.000000  0.054924
85.000000    35.000000  0.057574
85.000000    40.000000  0.060547
85.000000    45.000000  0.063839
85.000000    50.000000  0.067418
85.000000    55.000000  0.071189
85.000000    60.000000  0.075108
85.000000    65.000000  0.079180
85.000000    70.000000  0.083401
85.000000    75.000000  0.087749
85.000000    80.000000  0.092130
85.000000    85.000000  0.096552
85.000000    90.000000  0.101016
85.000000    95.000000  0.105483
85.000000    100.000000  0.109872
85.000000    105.000000  0.114214
85.000000    110.000000  0.118517
85.000000    115.000000  0.122745
85.000000    120.000000  0.126838
85.000000    125.000000  0.130750
85.000000    130.000000  0.134519
85.000000    135.000000  0.138149
85.000000    140.000000  0.141610
85.000000    145.000000  0.144807
85.000000    150.000000  0.147688
85.000000    155.000000  0.150248
85.000000    160.000000  0.152468
85.000000    165.000000  0.154296
85.000000    170.000000  0.155604
85.000000    175.000000  0.156406
85.000000    180.000000  0.156702
90.000000    0.000000  0.046964
90.000000    5.000000  0.047218
90.000000    10.000000  0.047944
90.000000    15.000000  0.049054
90.000000    20.000000  0.050608
90.000000    25.000000  0.052606
90.000000    30.000000  0.054994
90.000000    35.000000  0.057696
90.000000    40.000000  0.060651
90.000000    45.000000  0.063893
90.000000    50.000000  0.067418
90.000000    55.000000  0.071197
90.000000    60.000000  0.075139
90.000000    65.000000  0.079202
90.000000    70.000000  0.083391
90.000000    75.000000  0.087705
90.000000    80.000000  0.092123
90.000000    85.000000  0.096552
90.000000    90.000000  0.101001
90.000000    95.000000  0.105470
90.000000    100.000000  0.109922
90.000000    105.000000  0.114274
90.000000    110.000000  0.118558
90.000000    115.000000  0.122779
90.000000    120.000000  0.126901
90.000000    125.000000  0.130863
90.000000    130.000000  0.134616
90.000000    135.000000  0.138198
90.000000    140.000000  0.141608
90.000000    145.000000  0.144816
90.000000    150.000000  0.147720
90.000000    155.000000  0.150268
90.000000    160.000000  0.152452
90.000000    165.000000  0.154252
90.000000    170.000000  0.155613
90.000000    175.000000  0.156406
90.000000    180.000000  0.156664
95.000000    0.000000  0.046990
95.000000    5.000000  0.047218
95.000000    10.000000  0.047947
95.000000    15.000000  0.049138
95.000000    20.000000  0.050698
95.000000    25.000000  0.052670
95.000000    30.000000  0.055048
95.000000    35.000000  0.057779
95.000000    40.000000  0.060786
95.000000    45.000000  0.064010
95.000000    50.000000  0.067486
95.000000    55.000000  0.071212
95.000000    60.000000  0.075162
95.000000    65.000000  0.079247
95.000000    70.000000  0.083427
95.000000    75.000000  0.087709
95.000000    80.000000  0.092094
95.000000    85.000000  0.096560
95.000000    90.000000  0.101016
95.000000    95.000000  0.105470
95.000000    100.000000  0.109924
95.000000    105.000000  0.114339
95.000000    110.000000  0.118632
95.000000    115.000000  0.122834
95.000000    120.000000  0.126950
95.000000    125.000000  0.130941
95.000000    130.000000  0.134744
95.000000    135.000000  0.138309
95.000000    140.000000  0.141672
95.000000    145.000000  0.144829
95.000000    150.000000  0.147747
95.000000    155.000000  0.150319
95.000000    160.000000  0.152492
95.000000    165.000000  0.154256
95.000000    170.000000  0.155596
95.000000    175.000000  0.156453
95.000000    180.000000  0.156702
100.000000    0.000000  0.046995
100.000000    5.000000  0.047237
100.000000    10.000000  0.047944
100.000000    15.000000  0.049138
100.000000    20.000000  0.050774
100.000000    25.000000  0.052752
100.000000    30.000000  0.055107
100.000000    35.000000  0.057829
100.000000    40.000000  0.060865
100.000000    45.000000  0.064141
100.000000    50.000000  0.067600
100.000000    55.000000  0.071278
100.000000    60.000000  0.075175
100.000000    65.000000  0.079267
100.000000    70.000000  0.083470
100.000000    75.000000  0.087743
100.000000    80.000000  0.092095
100.000000    85.000000  0.096528
100.000000    90.000000  0.101021
100.000000    95.000000  0.105483
100.000000    100.000000  0.109922
100.000000    105.000000  0.114339
100.000000    110.000000  0.118694
100.000000    115.000000  0.122906
100.000000    120.000000  0.127003
100.000000    125.000000  0.130987
100.000000    130.000000  0.134820
100.000000    135.000000  0.138435
100.000000    140.000000  0.141781
100.000000    145.000000  0.144890
100.000000    150.000000  0.147757
100.000000    155.000000  0.150345
100.000000    160.000000  0.152542
100.000000    165.000000  0.154294
100.000000    170.000000  0.155595
100.000000    175.000000  0.156434
100.000000    180.000000  0.156757
105.000000    0.000000  0.046803
105.000000    5.000000  0.047140
105.000000    10.000000  0.047871
105.000000    15.000000  0.049054
105.000000    20.000000  0.050698
105.000000    25.000000  0.052752
105.000000    30.000000  0.055117
105.000000    35.000000  0.057819
105.000000    40.000000  0.060848
105.000000    45.000000  0.064154
105.000000    50.000000  0.067665
105.000000    55.000000  0.071327
105.000000    60.000000  0.075177
105.000000    65.000000  0.079217
105.000000    70.000000  0.083428
105.000000    75.000000  0.087723
105.000000    80.000000  0.092067
105.000000    85.000000  0.096467
105.000000    90.000000  0.100927
105.000000    95.000000  0.105425
105.000000    100.000000  0.109872
105.000000    105.000000  0.114274
105.000000    110.000000  0.118632
105.000000    115.000000  0.122906
105.000000    120.000000  0.127012
105.000000    125.000000  0.130977
105.000000    130.000000  0.134803
105.000000    135.000000  0.138448
105.000000    140.000000  0.141843
105.000000    145.000000  0.144934
105.000000    150.000000  0.147752
105.000000    155.000000  0.150289
105.000000    160.000000  0.152504
105.000000    165.000000  0.154280
105.000000    170.000000  0.155564
105.000000    175.000000  0.156358
105.000000    180.000000  0.156660
110.000000    0.000000  0.046660
110.000000    5.000000  0.046966
110.000000    10.000000  0.047774
110.000000    15.000000  0.048976
110.000000    20.000000  0.050608
110.000000    25.000000  0.052670
110.000000    30.000000  0.055107
110.000000    35.000000  0.057819
110.000000    40.000000  0.060829
110.000000    45.000000  0.064128
110.000000    50.000000  0.067669
110.000000    55.000000  0.071382
110.000000    60.000000  0.075217
110.000000    65.000000  0.079210
110.000000    70.000000  0.083368
110.000000    75.000000  0.087672
110.000000    80.000000  0.092038
110.000000    85.000000  0.096430
110.000000    90.000000  0.100857
110.000000    95.000000  0.105322
110.000000    100.000000  0.109805
110.000000    105.000000  0.114214
110.000000    110.000000  0.118558
110.000000    115.000000  0.122834
110.000000    120.000000  0.127003
110.000000    125.000000  0.130977
110.000000    130.000000  0.134785
110.000000    135.000000  0.138423
110.000000    140.000000  0.141849
110.000000    145.000000  0.144990
110.000000    150.000000  0.147789
110.000000    155.000000  0.150278
110.000000    160.000000  0.152445
110.000000    165.000000  0.154247
110.000000    170.000000  0.155560
110.000000    175.000000  0.156340
110.000000    180.000000  0.156602
115.000000    0.000000  0.046621
115.000000    5.000000  0.046877
115.000000    10.000000  0.047648
115.000000    15.000000  0.048912
115.000000    20.000000  0.050558
115.000000    25.000000  0.052606
115.000000    30.000000  0.055048
115.000000    35.000000  0.057829
115.000000    40.000000  0.060848
115.000000    45.000000  0.064128
115.000000    50.000000  0.067662
115.000000    55.000000  0.071405
115.000000    60.000000  0.075290
115.000000    65.000000  0.079268
115.000000    70.000000  0.083380
115.000000    75.000000  0.087631
115.000000    80.000000  0.092005
115.000000    85.000000  0.096419
115.000000    90.000000  0.100838
115.000000    95.000000  0.105271
115.000000    100.000000  0.109721
115.000000    105.000000  0.114167
115.000000    110.000000  0.118517
115.000000    115.000000  0.122779
115.000000    120.000000  0.126950
115.000000    125.000000  0.130987
115.000000    130.000000  0.134803
115.000000    135.000000  0.138423
115.000000    140.000000  0.141843
115.000000    145.000000  0.145015
115.000000    150.000000  0.147865
115.000000    155.000000  0.150334
115.000000    160.000000  0.152452
115.000000    165.000000  0.154209
115.000000    170.000000  0.155557
115.000000    175.000000  0.156371
115.000000    180.000000  0.156620
120.000000    0.000000  0.046610
120.000000    5.000000  0.046853
120.000000    10.000000  0.047580
120.000000    15.000000  0.048808
120.000000    20.000000  0.050507
120.000000    25.000000  0.052567
120.000000    30.000000  0.054994
120.000000    35.000000  0.057779
120.000000    40.000000  0.060865
120.000000    45.000000  0.064154
120.000000    50.000000  0.067669
120.000000    55.000000  0.071405
120.000000    60.000000  0.075319
120.000000    65.000000  0.079348
120.000000    70.000000  0.083444
120.000000    75.000000  0.087649
120.000000    80.000000  0.091971
120.000000    85.000000  0.096393
120.000000    90.000000  0.100834
120.000000    95.000000  0.105258
120.000000    100.000000  0.109675
120.000000    105.000000  0.114089
120.000000    110.000000  0.118476
120.000000    115.000000  0.122745
120.000000    120.000000  0.126901
120.000000    125.000000  0.130941
120.000000    130.000000  0.134820
120.000000    135.000000  0.138448
120.000000    140.000000  0.141849
120.000000    145.000000  0.145015
120.000000    150.000000  0.147897
120.000000    155.000000  0.150416
120.000000    160.000000  0.152512
120.000000    165.000000  0.154217
120.000000    170.000000  0.155521
120.000000    175.000000  0.156379
120.000000    180.000000  0.156665
125.000000    0.000000  0.046499
125.000000    5.000000  0.046797
125.000000    10.000000  0.047518
125.000000    15.000000  0.048709
125.000000    20.000000  0.050376
125.000000    25.000000  0.052485
125.000000    30.000000  0.054924
125.000000    35.000000  0.057696
125.000000    40.000000  0.060786
125.000000    45.000000  0.064141
125.000000    50.000000  0.067665
125.000000    55.000000  0.071382
125.000000    60.000000  0.075290
125.000000    65.000000  0.079348
125.000000    70.000000  0.083495
125.000000    75.000000  0.087685
125.000000    80.000000  0.091960
125.000000    85.000000  0.096330
125.000000    90.000000  0.100779
125.000000    95.000000  0.105225
125.000000    100.000000  0.109634
125.000000    105.000000  0.114015
125.000000    110.000000  0.118369
125.000000    115.000000  0.122675
125.000000    120.000000  0.126838
125.000000    125.000000  0.130863
125.000000    130.000000  0.134744
125.000000    135.000000  0.138435
125.000000    140.000000  0.141843
125.000000    145.000000  0.144990
125.000000    150.000000  0.147865
125.000000    155.000000  0.150416
125.000000    160.000000  0.152560
125.000000    165.000000  0.154237
125.000000    170.000000  0.155485
125.000000    175.000000  0.156296
125.000000    180.000000  0.156632
130.000000    0.000000  0.046273
130.000000    5.000000  0.046621
130.000000    10.000000  0.047396
130.000000    15.000000  0.048587
130.000000    20.000000  0.050222
130.000000    25.000000  0.052303
130.000000    30.000000  0.054791
130.000000    35.000000  0.057574
130.000000    40.000000  0.060651
130.000000    45.000000  0.064010
130.000000    50.000000  0.067600
130.000000    55.000000  0.071327
130.000000    60.000000  0.075217
130.000000    65.000000  0.079268
130.000000    70.000000  0.083444
130.000000    75.000000  0.087685
130.000000    80.000000  0.091945
130.000000    85.000000  0.096269
130.000000    90.000000  0.100666
130.000000    95.000000  0.105120
130.000000    100.000000  0.109551
130.000000    105.000000  0.113923
130.000000    110.000000  0.118245
130.000000    115.000000  0.122518
130.000000    120.000000  0.126719
130.000000    125.000000  0.130750
130.000000    130.000000  0.134616
130.000000    135.000000  0.138309
130.000000    140.000000  0.141781
130.000000    145.000000  0.144934
130.000000    150.000000  0.147789
130.000000    155.000000  0.150334
130.000000    160.000000  0.152512
130.000000    165.000000  0.154237
130.000000    170.000000  0.155452
130.000000    175.000000  0.156205
130.000000    180.000000  0.156495
135.000000    0.000000  0.046181
135.000000    5.000000  0.046457
135.000000    10.000000  0.047263
135.000000    15.000000  0.048496
135.000000    20.000000  0.050128
135.000000    25.000000  0.052176
135.000000    30.000000  0.054632
135.000000    35.000000  0.057460
135.000000    40.000000  0.060547
135.000000    45.000000  0.063893
135.000000    50.000000  0.067486
135.000000    55.000000  0.071278
135.000000    60.000000  0.075177
135.000000    65.000000  0.079210
135.000000    70.000000  0.083380
135.000000    75.000000  0.087649
135.000000    80.000000  0.091960
135.000000    85.000000  0.096269
135.000000    90.000000  0.100619
135.000000    95.000000  0.105022
135.000000    100.000000  0.109461
135.000000    105.000000  0.113855
135.000000    110.000000  0.118169
135.000000    115.000000  0.122409
135.000000    120.000000  0.126577
135.000000    125.000000  0.130646
135.000000    130.000000  0.134519
135.000000    135.000000  0.138198
135.000000    140.000000  0.141672
135.000000    145.000000  0.144890
135.000000    150.000000  0.147752
135.000000    155.000000  0.150278
135.000000    160.000000  0.152452
135.000000    165.000000  0.154217
135.000000    170.000000  0.155485
135.000000    175.000000  0.156205
135.000000    180.000000  0.156441
140.000000    0.000000  0.046273
140.000000    5.000000  0.046457
140.000000    10.000000  0.047188
140.000000    15.000000  0.048437
140.000000    20.000000  0.050101
140.000000    25.000000  0.052140
140.000000    30.000000  0.054562
140.000000    35.000000  0.057356
140.000000    40.000000  0.060485
140.000000    45.000000  0.063839
140.000000    50.000000  0.067418
140.000000    55.000000  0.071212
140.000000    60.000000  0.075175
140.000000    65.000000  0.079217
140.000000    70.000000  0.083368
140.000000    75.000000  0.087631
140.000000    80.000000  0.091971
140.000000    85.000000  0.096330
140.000000    90.000000  0.100666
140.000000    95.000000  0.105022
140.000000    100.000000  0.109409
140.000000    105.000000  0.113812
140.000000    110.000000  0.118147
140.000000    115.000000  0.122380
140.000000    120.000000  0.126515
140.000000    125.000000  0.130552
140.000000    130.000000  0.134463
140.000000    135.000000  0.138149
140.000000    140.000000  0.141608
140.000000    145.000000  0.144829
140.000000    150.000000  0.147757
140.000000    155.000000  0.150289
140.000000    160.000000  0.152445
140.000000    165.000000  0.154209
140.000000    170.000000  0.155521
140.000000    175.000000  0.156296
140.000000    180.000000  0.156495
145.000000    0.000000  0.046499
145.000000    5.000000  0.046621
145.000000    10.000000  0.047263
145.000000    15.000000  0.048437
145.000000    20.000000  0.050110
145.000000    25.000000  0.052175
145.000000    30.000000  0.054586
145.000000    35.000000  0.057344
145.000000    40.000000  0.060438
145.000000    45.000000  0.063832
145.000000    50.000000  0.067418
145.000000    55.000000  0.071197
145.000000    60.000000  0.075162
145.000000    65.000000  0.079267
145.000000    70.000000  0.083428
145.000000    75.000000  0.087672
145.000000    80.000000  0.092005
145.000000    85.000000  0.096393
145.000000    90.000000  0.100779
145.000000    95.000000  0.105120
145.000000    100.000000  0.109461
145.000000    105.000000  0.113812
145.000000    110.000000  0.118155
145.000000    115.000000  0.122410
145.000000    120.000000  0.126536
145.000000    125.000000  0.130541
145.000000    130.000000  0.134420
145.000000    135.000000  0.138144
145.000000    140.000000  0.141610
145.000000    145.000000  0.144816
145.000000    150.000000  0.147747
145.000000    155.000000  0.150345
145.000000    160.000000  0.152504
145.000000    165.000000  0.154247
145.000000    170.000000  0.155557
145.000000    175.000000  0.156379
145.000000    180.000000  0.156632
150.000000    0.000000  0.046610
150.000000    5.000000  0.046797
150.000000    10.000000  0.047396
150.000000    15.000000  0.048496
150.000000    20.000000  0.050101
150.000000    25.000000  0.052175
150.000000    30.000000  0.054611
150.000000    35.000000  0.057359
150.000000    40.000000  0.060418
150.000000    45.000000  0.063778
150.000000    50.000000  0.067402
150.000000    55.000000  0.071189
150.000000    60.000000  0.075139
150.000000    65.000000  0.079247
150.000000    70.000000  0.083470
150.000000    75.000000  0.087723
150.000000    80.000000  0.092038
150.000000    85.000000  0.096419
150.000000    90.000000  0.100834
150.000000    95.000000  0.105225
150.000000    100.000000  0.109551
150.000000    105.000000  0.113855
150.000000    110.000000  0.118147
150.000000    115.000000  0.122410
150.000000    120.000000  0.126559
150.000000    125.000000  0.130554
150.000000    130.000000  0.134400
150.000000    135.000000  0.138092
150.000000    140.000000  0.141597
150.000000    145.000000  0.144807
150.000000    150.000000  0.147720
150.000000    155.000000  0.150319
150.000000    160.000000  0.152542
150.000000    165.000000  0.154280
150.000000    170.000000  0.155560
150.000000    175.000000  0.156371
150.000000    180.000000  0.156665
155.000000    0.000000  0.046621
155.000000    5.000000  0.046853
155.000000    10.000000  0.047518
155.000000    15.000000  0.048587
155.000000    20.000000  0.050128
155.000000    25.000000  0.052140
155.000000    30.000000  0.054586
155.000000    35.000000  0.057359
155.000000    40.000000  0.060409
155.000000    45.000000  0.063735
155.000000    50.000000  0.067326
155.000000    55.000000  0.071151
155.000000    60.000000  0.075108
155.000000    65.000000  0.079202
155.000000    70.000000  0.083427
155.000000    75.000000  0.087743
155.000000    80.000000  0.092067
155.000000    85.000000  0.096430
155.000000    90.000000  0.100838
155.000000    95.000000  0.105258
155.000000    100.000000  0.109634
155.000000    105.000000  0.113923
155.000000    110.000000  0.118169
155.000000    115.000000  0.122380
155.000000    120.000000  0.126536
155.000000    125.000000  0.130554
155.000000    130.000000  0.134391
155.000000    135.000000  0.138049
155.000000    140.000000  0.141522
155.000000    145.000000  0.144772
155.000000    150.000000  0.147688
155.000000    155.000000  0.150268
155.000000    160.000000  0.152492
155.000000    165.000000  0.154294
155.000000    170.000000  0.155564
155.000000    175.000000  0.156340
155.000000    180.000000  0.156620
160.000000    0.000000  0.046660
160.000000    5.000000  0.046877
160.000000    10.000000  0.047580
160.000000    15.000000  0.048709
160.000000    20.000000  0.050222
160.000000    25.000000  0.052176
160.000000    30.000000  0.054562
160.000000    35.000000  0.057344
160.000000    40.000000  0.060418
160.000000    45.000000  0.063735
160.000000    50.000000  0.067293
160.000000    55.000000  0.071084
160.000000    60.000000  0.075079
160.000000    65.000000  0.079180
160.000000    70.000000  0.083391
160.000000    75.000000  0.087709
160.000000    80.000000  0.092095
160.000000    85.000000  0.096467
160.000000    90.000000  0.100857
160.000000    95.000000  0.105271
160.000000    100.000000  0.109675
160.000000    105.000000  0.114015
160.000000    110.000000  0.118245
160.000000    115.000000  0.122409
160.000000    120.000000  0.126515
160.000000    125.000000  0.130541
160.000000    130.000000  0.134400
160.000000    135.000000  0.138049
160.000000    140.000000  0.141488
160.000000    145.000000  0.144707
160.000000    150.000000  0.147665
160.000000    155.000000  0.150248
160.000000    160.000000  0.152452
160.000000    165.000000  0.154256
160.000000    170.000000  0.155595
160.000000    175.000000  0.156358
160.000000    180.000000  0.156602
165.000000    0.000000  0.046803
165.000000    5.000000  0.046966
165.000000    10.000000  0.047648
165.000000    15.000000  0.048808
165.000000    20.000000  0.050376
165.000000    25.000000  0.052303
165.000000    30.000000  0.054632
165.000000    35.000000  0.057356
165.000000    40.000000  0.060438
165.000000    45.000000  0.063778
165.000000    50.000000  0.067326
165.000000    55.000000  0.071084
165.000000    60.000000  0.075046
165.000000    65.000000  0.079184
165.000000    70.000000  0.083401
165.000000    75.000000  0.087705
165.000000    80.000000  0.092094
165.000000    85.000000  0.096528
165.000000    90.000000  0.100927
165.000000    95.000000  0.105322
165.000000    100.000000  0.109721
165.000000    105.000000  0.114089
165.000000    110.000000  0.118369
165.000000    115.000000  0.122518
165.000000    120.000000  0.126577
165.000000    125.000000  0.130552
165.000000    130.000000  0.134420
165.000000    135.000000  0.138092
165.000000    140.000000  0.141522
165.000000    145.000000  0.144707
165.000000    150.000000  0.147635
165.000000    155.000000  0.150262
165.000000    160.000000  0.152468
165.000000    165.000000  0.154252
165.000000    170.000000  0.155596
165.000000    175.000000  0.156434
165.000000    180.000000  0.156660
170.000000    0.000000  0.046995
170.000000    5.000000  0.047140
170.000000    10.000000  0.047774
170.000000    15.000000  0.048912
170.000000    20.000000  0.050507
170.000000    25.000000  0.052485
170.000000    30.000000  0.054791
170.000000    35.000000  0.057460
170.000000    40.000000  0.060485
170.000000    45.000000  0.063832
170.000000    50.000000  0.067402
170.000000    55.000000  0.071151
170.000000    60.000000  0.075079
170.000000    65.000000  0.079184
170.000000    70.000000  0.083438
170.000000    75.000000  0.087749
170.000000    80.000000  0.092123
170.000000    85.000000  0.096560
170.000000    90.000000  0.101021
170.000000    95.000000  0.105425
170.000000    100.000000  0.109805
170.000000    105.000000  0.114167
170.000000    110.000000  0.118476
170.000000    115.000000  0.122675
170.000000    120.000000  0.126719
170.000000    125.000000  0.130646
170.000000    130.000000  0.134463
170.000000    135.000000  0.138144
170.000000    140.000000  0.141597
170.000000    145.000000  0.144772
170.000000    150.000000  0.147665
170.000000    155.000000  0.150262
170.000000    160.000000  0.152513
170.000000    165.000000  0.154296
170.000000    170.000000  0.155613
170.000000    175.000000  0.156453
170.000000    180.000000  0.156757
175.000000    0.000000  0.046990
175.000000    5.000000  0.047237
175.000000    10.000000  0.047871
175.000000    15.000000  0.048976
175.000000    20.000000  0.050558
175.000000    25.000000  0.052567
175.000000    30.000000  0.054924
175.000000    35.000000  0.057574
175.000000    40.000000  0.060547
175.000000    45.000000  0.063839
175.000000    50.000000  0.067418
175.000000    55.000000  0.071189
175.000000    60.000000  0.075108
175.000000    65.000000  0.079180
175.000000    70.000000  0.083401
175.000000    75.000000  0.087749
175.000000    80.000000  0.092130
175.000000    85.000000  0.096552
175.000000    90.000000  0.101016
175.000000    95.000000  0.105483
175.000000    100.000000  0.109872
175.000000    105.000000  0.114214
175.000000    110.000000  0.118517
175.000000    115.000000  0.122745
175.000000    120.000000  0.126838
175.000000    125.000000  0.130750
175.000000    130.000000  0.134519
175.000000    135.000000  0.138149
175.000000    140.000000  0.141610
175.000000    145.000000  0.144807
175.000000    150.000000  0.147688
175.000000    155.000000  0.150248
175.000000    160.000000  0.152468
175.000000    165.000000  0.154296
175.000000    170.000000  0.155604
175.000000    175.000000  0.156406
175.000000    180.000000  0.156702
180.000000    0.000000  0.046964
180.000000    5.000000  0.047218
180.000000    10.000000  0.047944
180.000000    15.000000  0.049054
180.000000    20.000000  0.050608
180.000000    25.000000  0.052606
180.000000    30.000000  0.054994
180.000000    35.000000  0.057696
180.000000    40.000000  0.060651
180.000000    45.000000  0.063893
180.000000    50.000000  0.067418
180.000000    55.000000  0.071197
180.000000    60.000000  0.075139
180.000000    65.000000  0.079202
180.000000    70.000000  0.083391
180.000000    75.000000  0.087705
180.000000    80.000000  0.092123
180.000000    85.000000  0.096552
180.000000    90.000000  0.101001
180.000000    95.000000  0.105470
180.000000    100.000000  0.109922
180.000000    105.000000  0.114274
180.000000    110.000000  0.118558
180.000000    115.000000  0.122779
180.000000    120.000000  0.126901
180.000000    125.000000  0.130863
180.000000    130.000000  0.134616
180.000000    135.000000  0.138198
180.000000    140.000000  0.141608
180.000000    145.000000  0.144816
180.000000    150.000000  0.147720
180.000000    155.000000  0.150268
180.000000    160.000000  0.152452
180.000000    165.000000  0.154252
180.000000    170.000000  0.155613
180.000000    175.000000  0.156406
180.000000    180.000000  0.156664
