0.000000    0.000000  0.031901
0.000000    5.000000  0.032721
0.000000    10.000000  0.033209
0.000000    15.000000  0.033305
0.000000    20.000000  0.033027
0.000000    25.000000  0.032407
0.000000    30.000000  0.031486
0.000000    35.000000  0.030320
0.000000    40.000000  0.028971
0.000000    45.000000  0.027566
0.000000    50.000000  0.026213
0.000000    55.000000  0.024731
0.000000    60.000000  0.023074
0.000000    65.000000  0.021584
0.000000    70.000000  0.020446
0.000000    75.000000  0.018899
0.000000    80.000000  0.017384
0.000000    85.000000  0.015575
0.000000    90.000000  0.008650
0.000000    95.000000  0.024857
0.000000    100.000000  0.047852
0.000000    105.000000  0.064896
0.000000    110.000000  0.077099
0.000000    115.000000  0.087415
0.000000    120.000000  0.095992
0.000000    125.000000  0.103106
0.000000    130.000000  0.109697
0.000000    135.000000  0.115368
0.000000    140.000000  0.120125
0.000000    145.000000  0.124112
0.000000    150.000000  0.127365
0.000000    155.000000  0.130026
0.000000    160.000000  0.132066
0.000000    165.000000  0.133540
0.000000    170.000000  0.134474
0.000000    175.000000  0.134912
0.000000    180.000000  0.134837
5.000000    0.000000  0.033533
5.000000    5.000000  0.032721
5.000000    10.000000  0.033804
5.000000    15.000000  0.034390
5.000000    20.000000  0.034531
5.000000    25.000000  0.034273
5.000000    30.000000  0.033663
5.000000    35.000000  0.032783
5.000000    40.000000  0.031702
5.000000    45.000000  0.030427
5.000000    50.000000  0.029131
5.000000    55.000000  0.027852
5.000000    60.000000  0.026378
5.000000    65.000000  0.024673
5.000000    70.000000  0.023201
5.000000    75.000000  0.022067
5.000000    80.000000  0.020521
5.000000    85.000000  0.019012
5.000000    90.000000  0.016899
5.000000    95.000000  0.009650
5.000000    100.000000  0.026733
5.000000    105.000000  0.049980
5.000000    110.000000  0.067202
5.000000    115.000000  0.079551
5.000000    120.000000  0.089948
5.000000    125.000000  0.098650
5.000000    130.000000  0.105865
5.000000    135.000000  0.112518
5.000000    140.000000  0.118236
5.000000    145.000000  0.123029
5.000000    150.000000  0.127043
5.000000    155.000000  0.130310
5.000000    160.000000  0.132975
5.000000    165.000000  0.135002
5.000000    170.000000  0.136437
5.000000    175.000000  0.137283
5.000000    180.000000  0.137435
10.000000    0.000000  0.034457
10.000000    5.000000  0.034005
10.000000    10.000000  0.033209
10.000000    15.000000  0.034390
10.000000    20.000000  0.035076
10.000000    25.000000  0.035293
10.000000    30.000000  0.035091
10.000000    35.000000  0.034533
10.000000    40.000000  0.033713
10.000000    45.000000  0.032704
10.000000    50.000000  0.031535
10.000000    55.000000  0.030397
10.000000    60.000000  0.029237
10.000000    65.000000  0.027805
10.000000    70.000000  0.026078
10.000000    75.000000  0.024661
10.000000    80.000000  0.023562
10.000000    85.000000  0.022056
10.000000    90.000000  0.020588
10.000000    95.000000  0.018203
10.000000    100.000000  0.010653
10.000000    105.000000  0.028596
10.000000    110.000000  0.052041
10.000000    115.000000  0.069371
10.000000    120.000000  0.081803
10.000000    125.000000  0.092223
10.000000    130.000000  0.100991
10.000000    135.000000  0.108263
10.000000    140.000000  0.114925
10.000000    145.000000  0.120638
10.000000    150.000000  0.125419
10.000000    155.000000  0.129409
10.000000    160.000000  0.132641
10.000000    165.000000  0.135253
10.000000    170.000000  0.137200
10.000000    175.000000  0.138511
10.000000    180.000000  0.139064
15.000000    0.000000  0.034538
15.000000    5.000000  0.034509
15.000000    10.000000  0.034080
15.000000    15.000000  0.033305
15.000000    20.000000  0.034531
15.000000    25.000000  0.035293
15.000000    30.000000  0.035583
15.000000    35.000000  0.035449
15.000000    40.000000  0.034959
15.000000    45.000000  0.034214
15.000000    50.000000  0.033294
15.000000    55.000000  0.032245
15.000000    60.000000  0.031270
15.000000    65.000000  0.030236
15.000000    70.000000  0.028876
15.000000    75.000000  0.027167
15.000000    80.000000  0.025823
15.000000    85.000000  0.024792
15.000000    90.000000  0.023357
15.000000    95.000000  0.021965
15.000000    100.000000  0.019375
15.000000    105.000000  0.011585
15.000000    110.000000  0.030288
15.000000    115.000000  0.053877
15.000000    120.000000  0.071262
15.000000    125.000000  0.083724
15.000000    130.000000  0.094118
15.000000    135.000000  0.102900
15.000000    140.000000  0.110184
15.000000    145.000000  0.116810
15.000000    150.000000  0.122474
15.000000    155.000000  0.127200
15.000000    160.000000  0.131128
15.000000    165.000000  0.134285
15.000000    170.000000  0.136805
15.000000    175.000000  0.138634
15.000000    180.000000  0.139668
20.000000    0.000000  0.033796
20.000000    5.000000  0.034178
20.000000    10.000000  0.034174
20.000000    15.000000  0.033773
20.000000    20.000000  0.033027
20.000000    25.000000  0.034273
20.000000    30.000000  0.035091
20.000000    35.000000  0.035449
20.000000    40.000000  0.035386
20.000000    45.000000  0.034973
20.000000    50.000000  0.034316
20.000000    55.000000  0.033501
20.000000    60.000000  0.032591
20.000000    65.000000  0.031793
20.000000    70.000000  0.030901
20.000000    75.000000  0.029628
20.000000    80.000000  0.027982
20.000000    85.000000  0.026732
20.000000    90.000000  0.025798
20.000000    95.000000  0.024468
20.000000    100.000000  0.023182
20.000000    105.000000  0.020442
20.000000    110.000000  0.012474
20.000000    115.000000  0.031842
20.000000    120.000000  0.055517
20.000000    125.000000  0.072900
20.000000    130.000000  0.085330
20.000000    135.000000  0.095644
20.000000    140.000000  0.104384
20.000000    145.000000  0.111630
20.000000    150.000000  0.118169
20.000000    155.000000  0.123739
20.000000    160.000000  0.128367
20.000000    165.000000  0.132192
20.000000    170.000000  0.135238
20.000000    175.000000  0.137630
20.000000    180.000000  0.139180
25.000000    0.000000  0.032334
25.000000    5.000000  0.033070
25.000000    10.000000  0.033469
25.000000    15.000000  0.033489
25.000000    20.000000  0.033118
25.000000    25.000000  0.032407
25.000000    30.000000  0.033663
25.000000    35.000000  0.034533
25.000000    40.000000  0.034959
25.000000    45.000000  0.034973
25.000000    50.000000  0.034647
25.000000    55.000000  0.034094
25.000000    60.000000  0.033402
25.000000    65.000000  0.032654
25.000000    70.000000  0.032050
25.000000    75.000000  0.031322
25.000000    80.000000  0.030158
25.000000    85.000000  0.028613
25.000000    90.000000  0.027482
25.000000    95.000000  0.026673
25.000000    100.000000  0.025476
25.000000    105.000000  0.024326
25.000000    110.000000  0.021483
25.000000    115.000000  0.013390
25.000000    120.000000  0.033334
25.000000    125.000000  0.057017
25.000000    130.000000  0.074342
25.000000    135.000000  0.086672
25.000000    140.000000  0.096845
25.000000    145.000000  0.105481
25.000000    150.000000  0.112634
25.000000    155.000000  0.119034
25.000000    160.000000  0.124460
25.000000    165.000000  0.128945
25.000000    170.000000  0.132627
25.000000    175.000000  0.135513
25.000000    180.000000  0.137618
30.000000    0.000000  0.030243
30.000000    5.000000  0.031288
30.000000    10.000000  0.032031
30.000000    15.000000  0.032446
30.000000    20.000000  0.032492
30.000000    25.000000  0.032155
30.000000    30.000000  0.031486
30.000000    35.000000  0.032783
30.000000    40.000000  0.033713
30.000000    45.000000  0.034214
30.000000    50.000000  0.034316
30.000000    55.000000  0.034094
30.000000    60.000000  0.033662
30.000000    65.000000  0.033117
30.000000    70.000000  0.032559
30.000000    75.000000  0.032170
30.000000    80.000000  0.031634
30.000000    85.000000  0.030611
30.000000    90.000000  0.029204
30.000000    95.000000  0.028214
30.000000    100.000000  0.027557
30.000000    105.000000  0.026520
30.000000    110.000000  0.025528
30.000000    115.000000  0.022622
30.000000    120.000000  0.014449
30.000000    125.000000  0.034874
30.000000    130.000000  0.058450
30.000000    135.000000  0.075648
30.000000    140.000000  0.087798
30.000000    145.000000  0.097761
30.000000    150.000000  0.106220
30.000000    155.000000  0.113219
30.000000    160.000000  0.119422
30.000000    165.000000  0.124651
30.000000    170.000000  0.128944
30.000000    175.000000  0.132415
30.000000    180.000000  0.135024
35.000000    0.000000  0.027720
35.000000    5.000000  0.028970
35.000000    10.000000  0.030002
35.000000    15.000000  0.030744
35.000000    20.000000  0.031170
35.000000    25.000000  0.031240
35.000000    30.000000  0.030941
35.000000    35.000000  0.030320
35.000000    40.000000  0.031702
35.000000    45.000000  0.032704
35.000000    50.000000  0.033294
35.000000    55.000000  0.033501
35.000000    60.000000  0.033402
35.000000    65.000000  0.033117
35.000000    70.000000  0.032752
35.000000    75.000000  0.032417
35.000000    80.000000  0.032274
35.000000    85.000000  0.031962
35.000000    90.000000  0.031115
35.000000    95.000000  0.029879
35.000000    100.000000  0.029053
35.000000    105.000000  0.028571
35.000000    110.000000  0.027715
35.000000    115.000000  0.026898
35.000000    120.000000  0.023960
35.000000    125.000000  0.015743
35.000000    130.000000  0.036541
35.000000    135.000000  0.059945
35.000000    140.000000  0.076907
35.000000    145.000000  0.088784
35.000000    150.000000  0.098452
35.000000    155.000000  0.106652
35.000000    160.000000  0.113425
35.000000    165.000000  0.119363
35.000000    170.000000  0.124334
35.000000    175.000000  0.128352
35.000000    180.000000  0.131521
40.000000    0.000000  0.024930
40.000000    5.000000  0.026303
40.000000    10.000000  0.027519
40.000000    15.000000  0.028532
40.000000    20.000000  0.029267
40.000000    25.000000  0.029703
40.000000    30.000000  0.029797
40.000000    35.000000  0.029538
40.000000    40.000000  0.028971
40.000000    45.000000  0.030427
40.000000    50.000000  0.031535
40.000000    55.000000  0.032245
40.000000    60.000000  0.032591
40.000000    65.000000  0.032654
40.000000    70.000000  0.032559
40.000000    75.000000  0.032417
40.000000    80.000000  0.032348
40.000000    85.000000  0.032481
40.000000    90.000000  0.032425
40.000000    95.000000  0.031782
40.000000    100.000000  0.030743
40.000000    105.000000  0.030097
40.000000    110.000000  0.029803
40.000000    115.000000  0.029138
40.000000    120.000000  0.028503
40.000000    125.000000  0.025550
40.000000    130.000000  0.017320
40.000000    135.000000  0.038363
40.000000    140.000000  0.061449
40.000000    145.000000  0.078030
40.000000    150.000000  0.089505
40.000000    155.000000  0.098763
40.000000    160.000000  0.106591
40.000000    165.000000  0.113042
40.000000    170.000000  0.118628
40.000000    175.000000  0.123230
40.000000    180.000000  0.126954
45.000000    0.000000  0.022211
45.000000    5.000000  0.023539
45.000000    10.000000  0.024857
45.000000    15.000000  0.026029
45.000000    20.000000  0.027013
45.000000    25.000000  0.027734
45.000000    30.000000  0.028174
45.000000    35.000000  0.028292
45.000000    40.000000  0.028075
45.000000    45.000000  0.027566
45.000000    50.000000  0.029131
45.000000    55.000000  0.030397
45.000000    60.000000  0.031270
45.000000    65.000000  0.031793
45.000000    70.000000  0.032050
45.000000    75.000000  0.032170
45.000000    80.000000  0.032274
45.000000    85.000000  0.032481
45.000000    90.000000  0.032894
45.000000    95.000000  0.033095
45.000000    100.000000  0.032664
45.000000    105.000000  0.031825
45.000000    110.000000  0.031354
45.000000    115.000000  0.031243
45.000000    120.000000  0.030762
45.000000    125.000000  0.030297
45.000000    130.000000  0.027330
45.000000    135.000000  0.019107
45.000000    140.000000  0.040287
45.000000    145.000000  0.062926
45.000000    150.000000  0.078982
45.000000    155.000000  0.089919
45.000000    160.000000  0.098636
45.000000    165.000000  0.105965
45.000000    170.000000  0.111977
45.000000    175.000000  0.117073
45.000000    180.000000  0.121339
50.000000    0.000000  0.019813
50.000000    5.000000  0.020978
50.000000    10.000000  0.022237
50.000000    15.000000  0.023492
50.000000    20.000000  0.024612
50.000000    25.000000  0.025560
50.000000    30.000000  0.026261
50.000000    35.000000  0.026700
50.000000    40.000000  0.026838
50.000000    45.000000  0.026662
50.000000    50.000000  0.026213
50.000000    55.000000  0.027852
50.000000    60.000000  0.029237
50.000000    65.000000  0.030236
50.000000    70.000000  0.030901
50.000000    75.000000  0.031322
50.000000    80.000000  0.031634
50.000000    85.000000  0.031962
50.000000    90.000000  0.032425
50.000000    95.000000  0.033095
50.000000    100.000000  0.033531
50.000000    105.000000  0.033297
50.000000    110.000000  0.032641
50.000000    115.000000  0.032329
50.000000    120.000000  0.032379
50.000000    125.000000  0.032058
50.000000    130.000000  0.031736
50.000000    135.000000  0.028744
50.000000    140.000000  0.020559
50.000000    145.000000  0.041808
50.000000    150.000000  0.063860
50.000000    155.000000  0.079273
50.000000    160.000000  0.089566
50.000000    165.000000  0.097644
50.000000    170.000000  0.104380
50.000000    175.000000  0.109856
50.000000    180.000000  0.114660
55.000000    0.000000  0.018081
55.000000    5.000000  0.018887
55.000000    10.000000  0.019954
55.000000    15.000000  0.021112
55.000000    20.000000  0.022267
55.000000    25.000000  0.023296
55.000000    30.000000  0.024168
55.000000    35.000000  0.024809
55.000000    40.000000  0.025209
55.000000    45.000000  0.025328
55.000000    50.000000  0.025156
55.000000    55.000000  0.024731
55.000000    60.000000  0.026378
55.000000    65.000000  0.027805
55.000000    70.000000  0.028876
55.000000    75.000000  0.029628
55.000000    80.000000  0.030158
55.000000    85.000000  0.030611
55.000000    90.000000  0.031114
55.000000    95.000000  0.031782
55.000000    100.000000  0.032664
55.000000    105.000000  0.033297
55.000000    110.000000  0.033239
55.000000    115.000000  0.032745
55.000000    120.000000  0.032569
55.000000    125.000000  0.032753
55.000000    130.000000  0.032563
55.000000    135.000000  0.032351
55.000000    140.000000  0.029316
55.000000    145.000000  0.021376
55.000000    150.000000  0.042614
55.000000    155.000000  0.063872
55.000000    160.000000  0.078584
55.000000    165.000000  0.088237
55.000000    170.000000  0.095697
55.000000    175.000000  0.101825
55.000000    180.000000  0.106879
60.000000    0.000000  0.018212
60.000000    5.000000  0.018010
60.000000    10.000000  0.018614
60.000000    15.000000  0.019497
60.000000    20.000000  0.020456
60.000000    25.000000  0.021409
60.000000    30.000000  0.022246
60.000000    35.000000  0.022942
60.000000    40.000000  0.023431
60.000000    45.000000  0.023707
60.000000    50.000000  0.023734
60.000000    55.000000  0.023505
60.000000    60.000000  0.023067
60.000000    65.000000  0.024666
60.000000    70.000000  0.026072
60.000000    75.000000  0.027161
60.000000    80.000000  0.027976
60.000000    85.000000  0.028608
60.000000    90.000000  0.029199
60.000000    95.000000  0.029875
60.000000    100.000000  0.030740
60.000000    105.000000  0.031822
60.000000    110.000000  0.032640
60.000000    115.000000  0.032744
60.000000    120.000000  0.032401
60.000000    125.000000  0.032348
60.000000    130.000000  0.032647
60.000000    135.000000  0.032563
60.000000    140.000000  0.032434
60.000000    145.000000  0.029360
60.000000    150.000000  0.021595
60.000000    155.000000  0.042320
60.000000    160.000000  0.063014
60.000000    165.000000  0.077127
60.000000    170.000000  0.086738
60.000000    175.000000  0.094209
60.000000    180.000000  0.100002
65.000000    0.000000  0.015258
65.000000    5.000000  0.016677
65.000000    10.000000  0.016304
65.000000    15.000000  0.016830
65.000000    20.000000  0.017671
65.000000    25.000000  0.018591
65.000000    30.000000  0.019517
65.000000    35.000000  0.020344
65.000000    40.000000  0.021052
65.000000    45.000000  0.021572
65.000000    50.000000  0.021901
65.000000    55.000000  0.022002
65.000000    60.000000  0.021872
65.000000    65.000000  0.021543
65.000000    70.000000  0.023161
65.000000    75.000000  0.024622
65.000000    80.000000  0.025786
65.000000    85.000000  0.026698
65.000000    90.000000  0.027451
65.000000    95.000000  0.028187
65.000000    100.000000  0.029031
65.000000    105.000000  0.030079
65.000000    110.000000  0.031340
65.000000    115.000000  0.032319
65.000000    120.000000  0.032563
65.000000    125.000000  0.032345
65.000000    130.000000  0.032389
65.000000    135.000000  0.032764
65.000000    140.000000  0.032747
65.000000    145.000000  0.032663
65.000000    150.000000  0.029852
65.000000    155.000000  0.021691
65.000000    160.000000  0.042304
65.000000    165.000000  0.061895
65.000000    170.000000  0.075633
65.000000    175.000000  0.085537
65.000000    180.000000  0.092397
70.000000    0.000000  0.012088
70.000000    5.000000  0.013735
70.000000    10.000000  0.015151
70.000000    15.000000  0.014729
70.000000    20.000000  0.015274
70.000000    25.000000  0.016143
70.000000    30.000000  0.017067
70.000000    35.000000  0.017985
70.000000    40.000000  0.018805
70.000000    45.000000  0.019515
70.000000    50.000000  0.020053
70.000000    55.000000  0.020420
70.000000    60.000000  0.020584
70.000000    65.000000  0.020543
70.000000    70.000000  0.020322
70.000000    75.000000  0.021944
70.000000    80.000000  0.023444
70.000000    85.000000  0.024679
70.000000    90.000000  0.025694
70.000000    95.000000  0.026579
70.000000    100.000000  0.027475
70.000000    105.000000  0.028502
70.000000    110.000000  0.029748
70.000000    115.000000  0.031201
70.000000    120.000000  0.032351
70.000000    125.000000  0.032736
70.000000    130.000000  0.032639
70.000000    135.000000  0.032762
70.000000    140.000000  0.033176
70.000000    145.000000  0.033177
70.000000    150.000000  0.033086
70.000000    155.000000  0.029846
70.000000    160.000000  0.021715
70.000000    165.000000  0.042256
70.000000    170.000000  0.060389
70.000000    175.000000  0.073154
70.000000    180.000000  0.081560
75.000000    0.000000  0.008521
75.000000    5.000000  0.010347
75.000000    10.000000  0.012106
75.000000    15.000000  0.013499
75.000000    20.000000  0.013029
75.000000    25.000000  0.013584
75.000000    30.000000  0.014456
75.000000    35.000000  0.015347
75.000000    40.000000  0.016215
75.000000    45.000000  0.016985
75.000000    50.000000  0.017655
75.000000    55.000000  0.018172
75.000000    60.000000  0.018543
75.000000    65.000000  0.018740
75.000000    70.000000  0.018763
75.000000    75.000000  0.018629
75.000000    80.000000  0.020255
75.000000    85.000000  0.021797
75.000000    90.000000  0.023111
75.000000    95.000000  0.024240
75.000000    100.000000  0.025271
75.000000    105.000000  0.026341
75.000000    110.000000  0.027565
75.000000    115.000000  0.029018
75.000000    120.000000  0.030672
75.000000    125.000000  0.031997
75.000000    130.000000  0.032526
75.000000    135.000000  0.032545
75.000000    140.000000  0.032741
75.000000    145.000000  0.033176
75.000000    150.000000  0.033175
75.000000    155.000000  0.033064
75.000000    160.000000  0.029747
75.000000    165.000000  0.021669
75.000000    170.000000  0.041495
75.000000    175.000000  0.057621
75.000000    180.000000  0.067889
80.000000    0.000000  0.005271
80.000000    5.000000  0.006930
80.000000    10.000000  0.008835
80.000000    15.000000  0.010714
80.000000    20.000000  0.012079
80.000000    25.000000  0.011579
80.000000    30.000000  0.012157
80.000000    35.000000  0.013031
80.000000    40.000000  0.013882
80.000000    45.000000  0.014690
80.000000    50.000000  0.015396
80.000000    55.000000  0.016011
80.000000    60.000000  0.016492
80.000000    65.000000  0.016851
80.000000    70.000000  0.017065
80.000000    75.000000  0.017137
80.000000    80.000000  0.017075
80.000000    85.000000  0.018706
80.000000    90.000000  0.020291
80.000000    95.000000  0.021683
80.000000    100.000000  0.022921
80.000000    105.000000  0.024090
80.000000    110.000000  0.025323
80.000000    115.000000  0.026727
80.000000    120.000000  0.028366
80.000000    125.000000  0.030196
80.000000    130.000000  0.031668
80.000000    135.000000  0.032310
80.000000    140.000000  0.032414
80.000000    145.000000  0.032656
80.000000    150.000000  0.033085
80.000000    155.000000  0.033064
80.000000    160.000000  0.032926
80.000000    165.000000  0.029549
80.000000    170.000000  0.021548
80.000000    175.000000  0.040052
80.000000    180.000000  0.053026
85.000000    0.000000  0.002562
85.000000    5.000000  0.003933
85.000000    10.000000  0.005639
85.000000    15.000000  0.007597
85.000000    20.000000  0.009573
85.000000    25.000000  0.010885
85.000000    30.000000  0.010347
85.000000    35.000000  0.010934
85.000000    40.000000  0.011779
85.000000    45.000000  0.012559
85.000000    50.000000  0.013273
85.000000    55.000000  0.013882
85.000000    60.000000  0.014411
85.000000    65.000000  0.014825
85.000000    70.000000  0.015142
85.000000    75.000000  0.015347
85.000000    80.000000  0.015444
85.000000    85.000000  0.015435
85.000000    90.000000  0.016760
85.000000    95.000000  0.018069
85.000000    100.000000  0.019247
85.000000    105.000000  0.020324
85.000000    110.000000  0.021377
85.000000    115.000000  0.022530
85.000000    120.000000  0.023883
85.000000    125.000000  0.025489
85.000000    130.000000  0.027285
85.000000    135.000000  0.028713
85.000000    140.000000  0.029298
85.000000    145.000000  0.029340
85.000000    150.000000  0.029511
85.000000    155.000000  0.029845
85.000000    160.000000  0.029747
85.000000    165.000000  0.029549
85.000000    170.000000  0.026109
85.000000    175.000000  0.021345
85.000000    180.000000  0.036847
90.000000    0.000000  0.000082
90.000000    5.000000  0.000730
90.000000    10.000000  0.001514
90.000000    15.000000  0.002656
90.000000    20.000000  0.004078
90.000000    25.000000  0.005589
90.000000    30.000000  0.006388
90.000000    35.000000  0.005428
90.000000    40.000000  0.005695
90.000000    45.000000  0.006238
90.000000    50.000000  0.006727
90.000000    55.000000  0.007176
90.000000    60.000000  0.007555
90.000000    65.000000  0.007893
90.000000    70.000000  0.008161
90.000000    75.000000  0.008377
90.000000    80.000000  0.008529
90.000000    85.000000  0.008621
90.000000    90.000000  0.008650
90.000000    95.000000  0.009650
90.000000    100.000000  0.010653
90.000000    105.000000  0.011585
90.000000    110.000000  0.012474
90.000000    115.000000  0.013390
90.000000    120.000000  0.014449
90.000000    125.000000  0.015743
90.000000    130.000000  0.017318
90.000000    135.000000  0.019099
90.000000    140.000000  0.020520
90.000000    145.000000  0.021105
90.000000    150.000000  0.021161
90.000000    155.000000  0.021361
90.000000    160.000000  0.021715
90.000000    165.000000  0.021669
90.000000    170.000000  0.021548
90.000000    175.000000  0.021345
90.000000    180.000000  0.021088
95.000000    0.000000  0.002562
95.000000    5.000000  0.000730
95.000000    10.000000  0.005020
95.000000    15.000000  0.010351
95.000000    20.000000  0.014476
95.000000    25.000000  0.017396
95.000000    30.000000  0.019450
95.000000    35.000000  0.020002
95.000000    40.000000  0.019062
95.000000    45.000000  0.019763
95.000000    50.000000  0.020718
95.000000    55.000000  0.021468
95.000000    60.000000  0.022025
95.000000    65.000000  0.022415
95.000000    70.000000  0.022707
95.000000    75.000000  0.022878
95.000000    80.000000  0.022955
95.000000    85.000000  0.022917
95.000000    90.000000  0.022767
95.000000    95.000000  0.022502
95.000000    100.000000  0.024378
95.000000    105.000000  0.026235
95.000000    110.000000  0.027916
95.000000    115.000000  0.029455
95.000000    120.000000  0.030934
95.000000    125.000000  0.032452
95.000000    130.000000  0.034113
95.000000    135.000000  0.035922
95.000000    140.000000  0.037850
95.000000    145.000000  0.039357
95.000000    150.000000  0.040151
95.000000    155.000000  0.041005
95.000000    160.000000  0.041965
95.000000    165.000000  0.042256
95.000000    170.000000  0.041495
95.000000    175.000000  0.040052
95.000000    180.000000  0.036847
100.000000    0.000000  0.005271
100.000000    5.000000  0.003933
100.000000    10.000000  0.001514
100.000000    15.000000  0.010351
100.000000    20.000000  0.020881
100.000000    25.000000  0.028893
100.000000    30.000000  0.034405
100.000000    35.000000  0.037958
100.000000    40.000000  0.039117
100.000000    45.000000  0.038738
100.000000    50.000000  0.040169
100.000000    55.000000  0.041726
100.000000    60.000000  0.042873
100.000000    65.000000  0.043639
100.000000    70.000000  0.044115
100.000000    75.000000  0.044426
100.000000    80.000000  0.044548
100.000000    85.000000  0.044520
100.000000    90.000000  0.044330
100.000000    95.000000  0.043985
100.000000    100.000000  0.043468
100.000000    105.000000  0.045596
100.000000    110.000000  0.047645
100.000000    115.000000  0.049472
100.000000    120.000000  0.051105
100.000000    125.000000  0.052613
100.000000    130.000000  0.054075
100.000000    135.000000  0.055593
100.000000    140.000000  0.057124
100.000000    145.000000  0.058643
100.000000    150.000000  0.059646
100.000000    155.000000  0.059955
100.000000    160.000000  0.060651
100.000000    165.000000  0.061273
100.000000    170.000000  0.060389
100.000000    175.000000  0.057621
100.000000    180.000000  0.053026
105.000000    0.000000  0.008521
105.000000    5.000000  0.006930
105.000000    10.000000  0.005639
105.000000    15.000000  0.002656
105.000000    20.000000  0.014476
105.000000    25.000000  0.028893
105.000000    30.000000  0.039987
105.000000    35.000000  0.047765
105.000000    40.000000  0.052751
105.000000    45.000000  0.054632
105.000000    50.000000  0.054901
105.000000    55.000000  0.057066
105.000000    60.000000  0.059227
105.000000    65.000000  0.060783
105.000000    70.000000  0.061797
105.000000    75.000000  0.062407
105.000000    80.000000  0.062781
105.000000    85.000000  0.062901
105.000000    90.000000  0.062813
105.000000    95.000000  0.062513
105.000000    100.000000  0.062013
105.000000    105.000000  0.061288
105.000000    110.000000  0.063594
105.000000    115.000000  0.065763
105.000000    120.000000  0.067657
105.000000    125.000000  0.069298
105.000000    130.000000  0.070747
105.000000    135.000000  0.072064
105.000000    140.000000  0.073341
105.000000    145.000000  0.074492
105.000000    150.000000  0.075485
105.000000    155.000000  0.075844
105.000000    160.000000  0.075467
105.000000    165.000000  0.075647
105.000000    170.000000  0.075527
105.000000    175.000000  0.073154
105.000000    180.000000  0.067889
110.000000    0.000000  0.012088
110.000000    5.000000  0.010347
110.000000    10.000000  0.008835
110.000000    15.000000  0.007597
110.000000    20.000000  0.004078
110.000000    25.000000  0.017396
110.000000    30.000000  0.034405
110.000000    35.000000  0.047765
110.000000    40.000000  0.057385
110.000000    45.000000  0.063632
110.000000    50.000000  0.066238
110.000000    55.000000  0.067175
110.000000    60.000000  0.070057
110.000000    65.000000  0.072809
110.000000    70.000000  0.074784
110.000000    75.000000  0.076077
110.000000    80.000000  0.076862
110.000000    85.000000  0.077336
110.000000    90.000000  0.077492
110.000000    95.000000  0.077381
110.000000    100.000000  0.077006
110.000000    105.000000  0.076383
110.000000    110.000000  0.075484
110.000000    115.000000  0.077936
110.000000    120.000000  0.080189
110.000000    125.000000  0.082111
110.000000    130.000000  0.083720
110.000000    135.000000  0.085065
110.000000    140.000000  0.086197
110.000000    145.000000  0.087192
110.000000    150.000000  0.087927
110.000000    155.000000  0.088361
110.000000    160.000000  0.088043
110.000000    165.000000  0.086930
110.000000    170.000000  0.086492
110.000000    175.000000  0.085537
110.000000    180.000000  0.081560
115.000000    0.000000  0.015258
115.000000    5.000000  0.013735
115.000000    10.000000  0.012106
115.000000    15.000000  0.010714
115.000000    20.000000  0.009573
115.000000    25.000000  0.005589
115.000000    30.000000  0.019450
115.000000    35.000000  0.037958
115.000000    40.000000  0.052751
115.000000    45.000000  0.063632
115.000000    50.000000  0.070775
115.000000    55.000000  0.073895
115.000000    60.000000  0.075340
115.000000    65.000000  0.078782
115.000000    70.000000  0.082008
115.000000    75.000000  0.084350
115.000000    80.000000  0.085861
115.000000    85.000000  0.086772
115.000000    90.000000  0.087305
115.000000    95.000000  0.087546
115.000000    100.000000  0.087587
115.000000    105.000000  0.087505
115.000000    110.000000  0.087298
115.000000    115.000000  0.086889
115.000000    120.000000  0.089450
115.000000    125.000000  0.091752
115.000000    130.000000  0.093671
115.000000    135.000000  0.095217
115.000000    140.000000  0.096434
115.000000    145.000000  0.097358
115.000000    150.000000  0.098050
115.000000    155.000000  0.098352
115.000000    160.000000  0.098208
115.000000    165.000000  0.097185
115.000000    170.000000  0.095282
115.000000    175.000000  0.094206
115.000000    180.000000  0.092397
120.000000    0.000000  0.018212
120.000000    5.000000  0.016677
120.000000    10.000000  0.015151
120.000000    15.000000  0.013499
120.000000    20.000000  0.012079
120.000000    25.000000  0.010885
120.000000    30.000000  0.006388
120.000000    35.000000  0.020002
120.000000    40.000000  0.039117
120.000000    45.000000  0.054632
120.000000    50.000000  0.066238
120.000000    55.000000  0.073895
120.000000    60.000000  0.077305
120.000000    65.000000  0.079093
120.000000    70.000000  0.083062
120.000000    75.000000  0.086610
120.000000    80.000000  0.089119
120.000000    85.000000  0.090880
120.000000    90.000000  0.092289
120.000000    95.000000  0.093527
120.000000    100.000000  0.094561
120.000000    105.000000  0.095339
120.000000    110.000000  0.095843
120.000000    115.000000  0.096088
120.000000    120.000000  0.096017
120.000000    125.000000  0.098683
120.000000    130.000000  0.101036
120.000000    135.000000  0.102956
120.000000    140.000000  0.104449
120.000000    145.000000  0.105550
120.000000    150.000000  0.106287
120.000000    155.000000  0.106702
120.000000    160.000000  0.106610
120.000000    165.000000  0.105925
120.000000    170.000000  0.104277
120.000000    175.000000  0.101752
120.000000    180.000000  0.100002
125.000000    0.000000  0.018081
125.000000    5.000000  0.018010
125.000000    10.000000  0.016304
125.000000    15.000000  0.014729
125.000000    20.000000  0.013029
125.000000    25.000000  0.011579
125.000000    30.000000  0.010347
125.000000    35.000000  0.005428
125.000000    40.000000  0.019062
125.000000    45.000000  0.038738
125.000000    50.000000  0.054901
125.000000    55.000000  0.067175
125.000000    60.000000  0.075340
125.000000    65.000000  0.079093
125.000000    70.000000  0.081702
125.000000    75.000000  0.085908
125.000000    80.000000  0.089794
125.000000    85.000000  0.092963
125.000000    90.000000  0.095623
125.000000    95.000000  0.097835
125.000000    100.000000  0.099677
125.000000    105.000000  0.101152
125.000000    110.000000  0.102261
125.000000    115.000000  0.103015
125.000000    120.000000  0.103441
125.000000    125.000000  0.103508
125.000000    130.000000  0.106250
125.000000    135.000000  0.108626
125.000000    140.000000  0.110520
125.000000    145.000000  0.111935
125.000000    150.000000  0.112904
125.000000    155.000000  0.113444
125.000000    160.000000  0.113580
125.000000    165.000000  0.113087
125.000000    170.000000  0.111976
125.000000    175.000000  0.109856
125.000000    180.000000  0.106879
130.000000    0.000000  0.019813
130.000000    5.000000  0.018887
130.000000    10.000000  0.018614
130.000000    15.000000  0.016830
130.000000    20.000000  0.015274
130.000000    25.000000  0.013584
130.000000    30.000000  0.012157
130.000000    35.000000  0.010934
130.000000    40.000000  0.005695
130.000000    45.000000  0.019763
130.000000    50.000000  0.040169
130.000000    55.000000  0.057066
130.000000    60.000000  0.070057
130.000000    65.000000  0.078782
130.000000    70.000000  0.083062
130.000000    75.000000  0.085908
130.000000    80.000000  0.090434
130.000000    85.000000  0.094677
130.000000    90.000000  0.098229
130.000000    95.000000  0.101240
130.000000    100.000000  0.103727
130.000000    105.000000  0.105781
130.000000    110.000000  0.107420
130.000000    115.000000  0.108643
130.000000    120.000000  0.109470
130.000000    125.000000  0.109933
130.000000    130.000000  0.110006
130.000000    135.000000  0.112805
130.000000    140.000000  0.115187
130.000000    145.000000  0.117043
130.000000    150.000000  0.118368
130.000000    155.000000  0.119182
130.000000    160.000000  0.119488
130.000000    165.000000  0.119363
130.000000    170.000000  0.118628
130.000000    175.000000  0.117073
130.000000    180.000000  0.114660
135.000000    0.000000  0.022211
135.000000    5.000000  0.020978
135.000000    10.000000  0.019954
135.000000    15.000000  0.019497
135.000000    20.000000  0.017671
135.000000    25.000000  0.016143
135.000000    30.000000  0.014456
135.000000    35.000000  0.013031
135.000000    40.000000  0.011779
135.000000    45.000000  0.006238
135.000000    50.000000  0.020718
135.000000    55.000000  0.041726
135.000000    60.000000  0.059227
135.000000    65.000000  0.072809
135.000000    70.000000  0.082008
135.000000    75.000000  0.086610
135.000000    80.000000  0.089794
135.000000    85.000000  0.094677
135.000000    90.000000  0.099229
135.000000    95.000000  0.103045
135.000000    100.000000  0.106279
135.000000    105.000000  0.108950
135.000000    110.000000  0.111151
135.000000    115.000000  0.112901
135.000000    120.000000  0.114203
135.000000    125.000000  0.115075
135.000000    130.000000  0.115552
135.000000    135.000000  0.115609
135.000000    140.000000  0.118450
135.000000    145.000000  0.120823
135.000000    150.000000  0.122622
135.000000    155.000000  0.123829
135.000000    160.000000  0.124470
135.000000    165.000000  0.124651
135.000000    170.000000  0.124334
135.000000    175.000000  0.123230
135.000000    180.000000  0.121339
140.000000    0.000000  0.024930
140.000000    5.000000  0.023539
140.000000    10.000000  0.022237
140.000000    15.000000  0.021112
140.000000    20.000000  0.020456
140.000000    25.000000  0.018591
140.000000    30.000000  0.017067
140.000000    35.000000  0.015347
140.000000    40.000000  0.013882
140.000000    45.000000  0.012559
140.000000    50.000000  0.006727
140.000000    55.000000  0.021468
140.000000    60.000000  0.042873
140.000000    65.000000  0.060783
140.000000    70.000000  0.074784
140.000000    75.000000  0.084350
140.000000    80.000000  0.089119
140.000000    85.000000  0.092963
140.000000    90.000000  0.098229
140.000000    95.000000  0.103045
140.000000    100.000000  0.107102
140.000000    105.000000  0.110511
140.000000    110.000000  0.113334
140.000000    115.000000  0.115663
140.000000    120.000000  0.117497
140.000000    125.000000  0.118861
140.000000    130.000000  0.119765
140.000000    135.000000  0.120250
140.000000    140.000000  0.120289
140.000000    145.000000  0.123162
140.000000    150.000000  0.125513
140.000000    155.000000  0.127231
140.000000    160.000000  0.128367
140.000000    165.000000  0.128945
140.000000    170.000000  0.128944
140.000000    175.000000  0.128352
140.000000    180.000000  0.126954
145.000000    0.000000  0.027720
145.000000    5.000000  0.026303
145.000000    10.000000  0.024857
145.000000    15.000000  0.023492
145.000000    20.000000  0.022267
145.000000    25.000000  0.021409
145.000000    30.000000  0.019517
145.000000    35.000000  0.017985
145.000000    40.000000  0.016215
145.000000    45.000000  0.014690
145.000000    50.000000  0.013273
145.000000    55.000000  0.007176
145.000000    60.000000  0.022025
145.000000    65.000000  0.043639
145.000000    70.000000  0.061797
145.000000    75.000000  0.076077
145.000000    80.000000  0.085861
145.000000    85.000000  0.090880
145.000000    90.000000  0.095623
145.000000    95.000000  0.101240
145.000000    100.000000  0.106279
145.000000    105.000000  0.110511
145.000000    110.000000  0.114100
145.000000    115.000000  0.117031
145.000000    120.000000  0.119450
145.000000    125.000000  0.121364
145.000000    130.000000  0.122776
145.000000    135.000000  0.123704
145.000000    140.000000  0.124191
145.000000    145.000000  0.124210
145.000000    150.000000  0.127101
145.000000    155.000000  0.129411
145.000000    160.000000  0.131128
145.000000    165.000000  0.132192
145.000000    170.000000  0.132627
145.000000    175.000000  0.132415
145.000000    180.000000  0.131521
150.000000    0.000000  0.030243
150.000000    5.000000  0.028970
150.000000    10.000000  0.027519
150.000000    15.000000  0.026029
150.000000    20.000000  0.024612
150.000000    25.000000  0.023296
150.000000    30.000000  0.022246
150.000000    35.000000  0.020344
150.000000    40.000000  0.018805
150.000000    45.000000  0.016985
150.000000    50.000000  0.015396
150.000000    55.000000  0.013882
150.000000    60.000000  0.007555
150.000000    65.000000  0.022415
150.000000    70.000000  0.044115
150.000000    75.000000  0.062407
150.000000    80.000000  0.076862
150.000000    85.000000  0.086772
150.000000    90.000000  0.092289
150.000000    95.000000  0.097835
150.000000    100.000000  0.103727
150.000000    105.000000  0.108950
150.000000    110.000000  0.113334
150.000000    115.000000  0.117031
150.000000    120.000000  0.120086
150.000000    125.000000  0.122573
150.000000    130.000000  0.124543
150.000000    135.000000  0.125991
150.000000    140.000000  0.126935
150.000000    145.000000  0.127418
150.000000    150.000000  0.127418
150.000000    155.000000  0.130310
150.000000    160.000000  0.132641
150.000000    165.000000  0.134285
150.000000    170.000000  0.135238
150.000000    175.000000  0.135513
150.000000    180.000000  0.135024
155.000000    0.000000  0.032334
155.000000    5.000000  0.031288
155.000000    10.000000  0.030002
155.000000    15.000000  0.028532
155.000000    20.000000  0.027013
155.000000    25.000000  0.025560
155.000000    30.000000  0.024168
155.000000    35.000000  0.022942
155.000000    40.000000  0.021052
155.000000    45.000000  0.019515
155.000000    50.000000  0.017655
155.000000    55.000000  0.016011
155.000000    60.000000  0.014411
155.000000    65.000000  0.007893
155.000000    70.000000  0.022707
155.000000    75.000000  0.044426
155.000000    80.000000  0.062781
155.000000    85.000000  0.077336
155.000000    90.000000  0.087305
155.000000    95.000000  0.093527
155.000000    100.000000  0.099677
155.000000    105.000000  0.105781
155.000000    110.000000  0.111151
155.000000    115.000000  0.115663
155.000000    120.000000  0.119450
155.000000    125.000000  0.122573
155.000000    130.000000  0.125139
155.000000    135.000000  0.127142
155.000000    140.000000  0.128616
155.000000    145.000000  0.129570
155.000000    150.000000  0.130045
155.000000    155.000000  0.130026
155.000000    160.000000  0.132975
155.000000    165.000000  0.135253
155.000000    170.000000  0.136805
155.000000    175.000000  0.137630
155.000000    180.000000  0.137618
160.000000    0.000000  0.033796
160.000000    5.000000  0.033070
160.000000    10.000000  0.032031
160.000000    15.000000  0.030744
160.000000    20.000000  0.029267
160.000000    25.000000  0.027734
160.000000    30.000000  0.026261
160.000000    35.000000  0.024809
160.000000    40.000000  0.023431
160.000000    45.000000  0.021572
160.000000    50.000000  0.020053
160.000000    55.000000  0.018172
160.000000    60.000000  0.016492
160.000000    65.000000  0.014825
160.000000    70.000000  0.008161
160.000000    75.000000  0.022878
160.000000    80.000000  0.044548
160.000000    85.000000  0.062901
160.000000    90.000000  0.077492
160.000000    95.000000  0.087546
160.000000    100.000000  0.094561
160.000000    105.000000  0.101152
160.000000    110.000000  0.107420
160.000000    115.000000  0.112901
160.000000    120.000000  0.117497
160.000000    125.000000  0.121364
160.000000    130.000000  0.124543
160.000000    135.000000  0.127142
160.000000    140.000000  0.129197
160.000000    145.000000  0.130680
160.000000    150.000000  0.131638
160.000000    155.000000  0.132102
160.000000    160.000000  0.132066
160.000000    165.000000  0.135002
160.000000    170.000000  0.137200
160.000000    175.000000  0.138634
160.000000    180.000000  0.139180
165.000000    0.000000  0.034538
165.000000    5.000000  0.034178
165.000000    10.000000  0.033469
165.000000    15.000000  0.032446
165.000000    20.000000  0.031170
165.000000    25.000000  0.029703
165.000000    30.000000  0.028174
165.000000    35.000000  0.026700
165.000000    40.000000  0.025209
165.000000    45.000000  0.023707
165.000000    50.000000  0.021901
165.000000    55.000000  0.020420
165.000000    60.000000  0.018543
165.000000    65.000000  0.016851
165.000000    70.000000  0.015142
165.000000    75.000000  0.008377
165.000000    80.000000  0.022955
165.000000    85.000000  0.044520
165.000000    90.000000  0.062813
165.000000    95.000000  0.077381
165.000000    100.000000  0.087587
165.000000    105.000000  0.095339
165.000000    110.000000  0.102261
165.000000    115.000000  0.108643
165.000000    120.000000  0.114203
165.000000    125.000000  0.118861
165.000000    130.000000  0.122776
165.000000    135.000000  0.125991
165.000000    140.000000  0.128616
165.000000    145.000000  0.130680
165.000000    150.000000  0.132198
165.000000    155.000000  0.133127
165.000000    160.000000  0.133591
165.000000    165.000000  0.133540
165.000000    170.000000  0.136437
165.000000    175.000000  0.138511
165.000000    180.000000  0.139668
170.000000    0.000000  0.034457
170.000000    5.000000  0.034509
170.000000    10.000000  0.034174
170.000000    15.000000  0.033489
170.000000    20.000000  0.032492
170.000000    25.000000  0.031240
170.000000    30.000000  0.029797
170.000000    35.000000  0.028292
170.000000    40.000000  0.026838
170.000000    45.000000  0.025328
170.000000    50.000000  0.023734
170.000000    55.000000  0.022002
170.000000    60.000000  0.020584
170.000000    65.000000  0.018740
170.000000    70.000000  0.017065
170.000000    75.000000  0.015347
170.000000    80.000000  0.008529
170.000000    85.000000  0.022917
170.000000    90.000000  0.044330
170.000000    95.000000  0.062513
170.000000    100.000000  0.077006
170.000000    105.000000  0.087505
170.000000    110.000000  0.095843
170.000000    115.000000  0.103015
170.000000    120.000000  0.109470
170.000000    125.000000  0.115075
170.000000    130.000000  0.119765
170.000000    135.000000  0.123704
170.000000    140.000000  0.126935
170.000000    145.000000  0.129570
170.000000    150.000000  0.131638
170.000000    155.000000  0.133127
170.000000    160.000000  0.134080
170.000000    165.000000  0.134536
170.000000    170.000000  0.134474
170.000000    175.000000  0.137283
170.000000    180.000000  0.139064
175.000000    0.000000  0.033533
175.000000    5.000000  0.034005
175.000000    10.000000  0.034080
175.000000    15.000000  0.033773
175.000000    20.000000  0.033118
175.000000    25.000000  0.032155
175.000000    30.000000  0.030941
175.000000    35.000000  0.029538
175.000000    40.000000  0.028075
175.000000    45.000000  0.026662
175.000000    50.000000  0.025156
175.000000    55.000000  0.023505
175.000000    60.000000  0.021872
175.000000    65.000000  0.020543
175.000000    70.000000  0.018763
175.000000    75.000000  0.017137
175.000000    80.000000  0.015444
175.000000    85.000000  0.008621
175.000000    90.000000  0.022767
175.000000    95.000000  0.043985
175.000000    100.000000  0.062013
175.000000    105.000000  0.076383
175.000000    110.000000  0.087298
175.000000    115.000000  0.096088
175.000000    120.000000  0.103441
175.000000    125.000000  0.109933
175.000000    130.000000  0.115552
175.000000    135.000000  0.120250
175.000000    140.000000  0.124191
175.000000    145.000000  0.127418
175.000000    150.000000  0.130045
175.000000    155.000000  0.132102
175.000000    160.000000  0.133591
175.000000    165.000000  0.134536
175.000000    170.000000  0.134982
175.000000    175.000000  0.134912
175.000000    180.000000  0.137435
180.000000    0.000000  0.031901
180.000000    5.000000  0.032721
180.000000    10.000000  0.033209
180.000000    15.000000  0.033305
180.000000    20.000000  0.033027
180.000000    25.000000  0.032407
180.000000    30.000000  0.031486
180.000000    35.000000  0.030320
180.000000    40.000000  0.028971
180.000000    45.000000  0.027566
180.000000    50.000000  0.026213
180.000000    55.000000  0.024731
180.000000    60.000000  0.023067
180.000000    65.000000  0.021543
180.000000    70.000000  0.020322
180.000000    75.000000  0.018629
180.000000    80.000000  0.017075
180.000000    85.000000  0.015435
180.000000    90.000000  0.008650
180.000000    95.000000  0.022502
180.000000    100.000000  0.043468
180.000000    105.000000  0.061288
180.000000    110.000000  0.075484
180.000000    115.000000  0.086889
180.000000    120.000000  0.096017
180.000000    125.000000  0.103508
180.000000    130.000000  0.110006
180.000000    135.000000  0.115609
180.000000    140.000000  0.120289
180.000000    145.000000  0.124210
180.000000    150.000000  0.127418
180.000000    155.000000  0.130026
180.000000    160.000000  0.132066
180.000000    165.000000  0.133540
180.000000    170.000000  0.134474
180.000000    175.000000  0.134912
180.000000    180.000000  0.134837
185.000000    0.000000  0.033533
185.000000    5.000000  0.032721
185.000000    10.000000  0.033804
185.000000    15.000000  0.034390
185.000000    20.000000  0.034531
185.000000    25.000000  0.034273
185.000000    30.000000  0.033663
185.000000    35.000000  0.032783
185.000000    40.000000  0.031702
185.000000    45.000000  0.030427
185.000000    50.000000  0.029131
185.000000    55.000000  0.027852
185.000000    60.000000  0.026378
185.000000    65.000000  0.024666
185.000000    70.000000  0.023161
185.000000    75.000000  0.021944
185.000000    80.000000  0.020255
185.000000    85.000000  0.018706
185.000000    90.000000  0.016760
185.000000    95.000000  0.009650
185.000000    100.000000  0.024378
185.000000    105.000000  0.045596
185.000000    110.000000  0.063594
185.000000    115.000000  0.077936
185.000000    120.000000  0.089450
185.000000    125.000000  0.098683
185.000000    130.000000  0.106250
185.000000    135.000000  0.112805
185.000000    140.000000  0.118450
185.000000    145.000000  0.123162
185.000000    150.000000  0.127101
185.000000    155.000000  0.130310
185.000000    160.000000  0.132975
185.000000    165.000000  0.135002
185.000000    170.000000  0.136437
185.000000    175.000000  0.137283
185.000000    180.000000  0.137435
190.000000    0.000000  0.034457
190.000000    5.000000  0.034005
190.000000    10.000000  0.033209
190.000000    15.000000  0.034390
190.000000    20.000000  0.035076
190.000000    25.000000  0.035293
190.000000    30.000000  0.035091
190.000000    35.000000  0.034533
190.000000    40.000000  0.033713
190.000000    45.000000  0.032704
190.000000    50.000000  0.031535
190.000000    55.000000  0.030397
190.000000    60.000000  0.029237
190.000000    65.000000  0.027805
190.000000    70.000000  0.026072
190.000000    75.000000  0.024622
190.000000    80.000000  0.023444
190.000000    85.000000  0.021797
190.000000    90.000000  0.020291
190.000000    95.000000  0.018069
190.000000    100.000000  0.010653
190.000000    105.000000  0.026235
190.000000    110.000000  0.047645
190.000000    115.000000  0.065763
190.000000    120.000000  0.080189
190.000000    125.000000  0.091752
190.000000    130.000000  0.101036
190.000000    135.000000  0.108626
190.000000    140.000000  0.115187
190.000000    145.000000  0.120823
190.000000    150.000000  0.125513
190.000000    155.000000  0.129411
190.000000    160.000000  0.132641
190.000000    165.000000  0.135253
190.000000    170.000000  0.137200
190.000000    175.000000  0.138511
190.000000    180.000000  0.139064
195.000000    0.000000  0.034538
195.000000    5.000000  0.034509
195.000000    10.000000  0.034080
195.000000    15.000000  0.033305
195.000000    20.000000  0.034531
195.000000    25.000000  0.035293
195.000000    30.000000  0.035583
195.000000    35.000000  0.035449
195.000000    40.000000  0.034959
195.000000    45.000000  0.034214
195.000000    50.000000  0.033294
195.000000    55.000000  0.032245
195.000000    60.000000  0.031270
195.000000    65.000000  0.030236
195.000000    70.000000  0.028876
195.000000    75.000000  0.027161
195.000000    80.000000  0.025786
195.000000    85.000000  0.024679
195.000000    90.000000  0.023111
195.000000    95.000000  0.021683
195.000000    100.000000  0.019247
195.000000    105.000000  0.011585
195.000000    110.000000  0.027916
195.000000    115.000000  0.049472
195.000000    120.000000  0.067657
195.000000    125.000000  0.082111
195.000000    130.000000  0.093671
195.000000    135.000000  0.102956
195.000000    140.000000  0.110520
195.000000    145.000000  0.117043
195.000000    150.000000  0.122622
195.000000    155.000000  0.127231
195.000000    160.000000  0.131128
195.000000    165.000000  0.134285
195.000000    170.000000  0.136805
195.000000    175.000000  0.138634
195.000000    180.000000  0.139668
200.000000    0.000000  0.033796
200.000000    5.000000  0.034178
200.000000    10.000000  0.034174
200.000000    15.000000  0.033773
200.000000    20.000000  0.033027
200.000000    25.000000  0.034273
200.000000    30.000000  0.035091
200.000000    35.000000  0.035449
200.000000    40.000000  0.035386
200.000000    45.000000  0.034973
200.000000    50.000000  0.034316
200.000000    55.000000  0.033501
200.000000    60.000000  0.032591
200.000000    65.000000  0.031793
200.000000    70.000000  0.030901
200.000000    75.000000  0.029628
200.000000    80.000000  0.027976
200.000000    85.000000  0.026698
200.000000    90.000000  0.025694
200.000000    95.000000  0.024240
200.000000    100.000000  0.022921
200.000000    105.000000  0.020324
200.000000    110.000000  0.012474
200.000000    115.000000  0.029455
200.000000    120.000000  0.051105
200.000000    125.000000  0.069298
200.000000    130.000000  0.083720
200.000000    135.000000  0.095217
200.000000    140.000000  0.104449
200.000000    145.000000  0.111935
200.000000    150.000000  0.118368
200.000000    155.000000  0.123829
200.000000    160.000000  0.128367
200.000000    165.000000  0.132192
200.000000    170.000000  0.135238
200.000000    175.000000  0.137630
200.000000    180.000000  0.139180
205.000000    0.000000  0.032334
205.000000    5.000000  0.033070
205.000000    10.000000  0.033469
205.000000    15.000000  0.033489
205.000000    20.000000  0.033118
205.000000    25.000000  0.032407
205.000000    30.000000  0.033663
205.000000    35.000000  0.034533
205.000000    40.000000  0.034959
205.000000    45.000000  0.034973
205.000000    50.000000  0.034647
205.000000    55.000000  0.034094
205.000000    60.000000  0.033402
205.000000    65.000000  0.032654
205.000000    70.000000  0.032050
205.000000    75.000000  0.031322
205.000000    80.000000  0.030158
205.000000    85.000000  0.028608
205.000000    90.000000  0.027451
205.000000    95.000000  0.026579
205.000000    100.000000  0.025271
205.000000    105.000000  0.024090
205.000000    110.000000  0.021377
205.000000    115.000000  0.013390
205.000000    120.000000  0.030934
205.000000    125.000000  0.052613
205.000000    130.000000  0.070747
205.000000    135.000000  0.085065
205.000000    140.000000  0.096434
205.000000    145.000000  0.105550
205.000000    150.000000  0.112904
205.000000    155.000000  0.119182
205.000000    160.000000  0.124470
205.000000    165.000000  0.128945
205.000000    170.000000  0.132627
205.000000    175.000000  0.135513
205.000000    180.000000  0.137618
210.000000    0.000000  0.030243
210.000000    5.000000  0.031288
210.000000    10.000000  0.032031
210.000000    15.000000  0.032446
210.000000    20.000000  0.032492
210.000000    25.000000  0.032155
210.000000    30.000000  0.031486
210.000000    35.000000  0.032783
210.000000    40.000000  0.033713
210.000000    45.000000  0.034214
210.000000    50.000000  0.034316
210.000000    55.000000  0.034094
210.000000    60.000000  0.033662
210.000000    65.000000  0.033117
210.000000    70.000000  0.032559
210.000000    75.000000  0.032170
210.000000    80.000000  0.031634
210.000000    85.000000  0.030611
210.000000    90.000000  0.029199
210.000000    95.000000  0.028187
210.000000    100.000000  0.027475
210.000000    105.000000  0.026341
210.000000    110.000000  0.025323
210.000000    115.000000  0.022530
210.000000    120.000000  0.014449
210.000000    125.000000  0.032452
210.000000    130.000000  0.054075
210.000000    135.000000  0.072064
210.000000    140.000000  0.086197
210.000000    145.000000  0.097358
210.000000    150.000000  0.106287
210.000000    155.000000  0.113444
210.000000    160.000000  0.119488
210.000000    165.000000  0.124651
210.000000    170.000000  0.128944
210.000000    175.000000  0.132415
210.000000    180.000000  0.135024
215.000000    0.000000  0.027720
215.000000    5.000000  0.028970
215.000000    10.000000  0.030002
215.000000    15.000000  0.030744
215.000000    20.000000  0.031170
215.000000    25.000000  0.031240
215.000000    30.000000  0.030941
215.000000    35.000000  0.030320
215.000000    40.000000  0.031702
215.000000    45.000000  0.032704
215.000000    50.000000  0.033294
215.000000    55.000000  0.033501
215.000000    60.000000  0.033402
215.000000    65.000000  0.033117
215.000000    70.000000  0.032752
215.000000    75.000000  0.032417
215.000000    80.000000  0.032274
215.000000    85.000000  0.031962
215.000000    90.000000  0.031114
215.000000    95.000000  0.029875
215.000000    100.000000  0.029031
215.000000    105.000000  0.028502
215.000000    110.000000  0.027565
215.000000    115.000000  0.026727
215.000000    120.000000  0.023883
215.000000    125.000000  0.015743
215.000000    130.000000  0.034113
215.000000    135.000000  0.055593
215.000000    140.000000  0.073341
215.000000    145.000000  0.087192
215.000000    150.000000  0.098050
215.000000    155.000000  0.106702
215.000000    160.000000  0.113580
215.000000    165.000000  0.119363
215.000000    170.000000  0.124334
215.000000    175.000000  0.128352
215.000000    180.000000  0.131521
220.000000    0.000000  0.024930
220.000000    5.000000  0.026303
220.000000    10.000000  0.027519
220.000000    15.000000  0.028532
220.000000    20.000000  0.029267
220.000000    25.000000  0.029703
220.000000    30.000000  0.029797
220.000000    35.000000  0.029538
220.000000    40.000000  0.028971
220.000000    45.000000  0.030427
220.000000    50.000000  0.031535
220.000000    55.000000  0.032245
220.000000    60.000000  0.032591
220.000000    65.000000  0.032654
220.000000    70.000000  0.032559
220.000000    75.000000  0.032417
220.000000    80.000000  0.032348
220.000000    85.000000  0.032481
220.000000    90.000000  0.032425
220.000000    95.000000  0.031782
220.000000    100.000000  0.030740
220.000000    105.000000  0.030079
220.000000    110.000000  0.029748
220.000000    115.000000  0.029018
220.000000    120.000000  0.028366
220.000000    125.000000  0.025489
220.000000    130.000000  0.017318
220.000000    135.000000  0.035922
220.000000    140.000000  0.057124
220.000000    145.000000  0.074492
220.000000    150.000000  0.087927
220.000000    155.000000  0.098352
220.000000    160.000000  0.106610
220.000000    165.000000  0.113087
220.000000    170.000000  0.118628
220.000000    175.000000  0.123230
220.000000    180.000000  0.126954
225.000000    0.000000  0.022211
225.000000    5.000000  0.023539
225.000000    10.000000  0.024857
225.000000    15.000000  0.026029
225.000000    20.000000  0.027013
225.000000    25.000000  0.027734
225.000000    30.000000  0.028174
225.000000    35.000000  0.028292
225.000000    40.000000  0.028075
225.000000    45.000000  0.027566
225.000000    50.000000  0.029131
225.000000    55.000000  0.030397
225.000000    60.000000  0.031270
225.000000    65.000000  0.031793
225.000000    70.000000  0.032050
225.000000    75.000000  0.032170
225.000000    80.000000  0.032274
225.000000    85.000000  0.032481
225.000000    90.000000  0.032894
225.000000    95.000000  0.033095
225.000000    100.000000  0.032664
225.000000    105.000000  0.031822
225.000000    110.000000  0.031340
225.000000    115.000000  0.031201
225.000000    120.000000  0.030672
225.000000    125.000000  0.030196
225.000000    130.000000  0.027285
225.000000    135.000000  0.019099
225.000000    140.000000  0.037850
225.000000    145.000000  0.058643
225.000000    150.000000  0.075485
225.000000    155.000000  0.088361
225.000000    160.000000  0.098208
225.000000    165.000000  0.105925
225.000000    170.000000  0.111976
225.000000    175.000000  0.117073
225.000000    180.000000  0.121339
230.000000    0.000000  0.019813
230.000000    5.000000  0.020978
230.000000    10.000000  0.022237
230.000000    15.000000  0.023492
230.000000    20.000000  0.024612
230.000000    25.000000  0.025560
230.000000    30.000000  0.026261
230.000000    35.000000  0.026700
230.000000    40.000000  0.026838
230.000000    45.000000  0.026662
230.000000    50.000000  0.026213
230.000000    55.000000  0.027852
230.000000    60.000000  0.029237
230.000000    65.000000  0.030236
230.000000    70.000000  0.030901
230.000000    75.000000  0.031322
230.000000    80.000000  0.031634
230.000000    85.000000  0.031962
230.000000    90.000000  0.032425
230.000000    95.000000  0.033095
230.000000    100.000000  0.033531
230.000000    105.000000  0.033297
230.000000    110.000000  0.032640
230.000000    115.000000  0.032319
230.000000    120.000000  0.032351
230.000000    125.000000  0.031997
230.000000    130.000000  0.031668
230.000000    135.000000  0.028713
230.000000    140.000000  0.020520
230.000000    145.000000  0.039357
230.000000    150.000000  0.059646
230.000000    155.000000  0.075844
230.000000    160.000000  0.088043
230.000000    165.000000  0.097185
230.000000    170.000000  0.104277
230.000000    175.000000  0.109856
230.000000    180.000000  0.114660
235.000000    0.000000  0.018081
235.000000    5.000000  0.018887
235.000000    10.000000  0.019955
235.000000    15.000000  0.021112
235.000000    20.000000  0.022267
235.000000    25.000000  0.023297
235.000000    30.000000  0.024168
235.000000    35.000000  0.024809
235.000000    40.000000  0.025209
235.000000    45.000000  0.025328
235.000000    50.000000  0.025156
235.000000    55.000000  0.024731
235.000000    60.000000  0.026378
235.000000    65.000000  0.027805
235.000000    70.000000  0.028876
235.000000    75.000000  0.029628
235.000000    80.000000  0.030158
235.000000    85.000000  0.030611
235.000000    90.000000  0.031115
235.000000    95.000000  0.031782
235.000000    100.000000  0.032664
235.000000    105.000000  0.033297
235.000000    110.000000  0.033239
235.000000    115.000000  0.032744
235.000000    120.000000  0.032563
235.000000    125.000000  0.032736
235.000000    130.000000  0.032526
235.000000    135.000000  0.032310
235.000000    140.000000  0.029298
235.000000    145.000000  0.021105
235.000000    150.000000  0.040151
235.000000    155.000000  0.059955
235.000000    160.000000  0.075467
235.000000    165.000000  0.086930
235.000000    170.000000  0.095282
235.000000    175.000000  0.101752
235.000000    180.000000  0.106879
240.000000    0.000000  0.018212
240.000000    5.000000  0.018036
240.000000    10.000000  0.018694
240.000000    15.000000  0.019585
240.000000    20.000000  0.020543
240.000000    25.000000  0.021492
240.000000    30.000000  0.022324
240.000000    35.000000  0.023014
240.000000    40.000000  0.023496
240.000000    45.000000  0.023763
240.000000    50.000000  0.023777
240.000000    55.000000  0.023531
240.000000    60.000000  0.023074
240.000000    65.000000  0.024673
240.000000    70.000000  0.026078
240.000000    75.000000  0.027167
240.000000    80.000000  0.027982
240.000000    85.000000  0.028613
240.000000    90.000000  0.029204
240.000000    95.000000  0.029879
240.000000    100.000000  0.030743
240.000000    105.000000  0.031825
240.000000    110.000000  0.032641
240.000000    115.000000  0.032745
240.000000    120.000000  0.032401
240.000000    125.000000  0.032345
240.000000    130.000000  0.032639
240.000000    135.000000  0.032545
240.000000    140.000000  0.032414
240.000000    145.000000  0.029340
240.000000    150.000000  0.021161
240.000000    155.000000  0.041005
240.000000    160.000000  0.060651
240.000000    165.000000  0.075647
240.000000    170.000000  0.086492
240.000000    175.000000  0.094206
240.000000    180.000000  0.100002
245.000000    0.000000  0.015258
245.000000    5.000000  0.016677
245.000000    10.000000  0.016344
245.000000    15.000000  0.017076
245.000000    20.000000  0.017990
245.000000    25.000000  0.018909
245.000000    30.000000  0.019812
245.000000    35.000000  0.020614
245.000000    40.000000  0.021292
245.000000    45.000000  0.021779
245.000000    50.000000  0.022072
245.000000    55.000000  0.022134
245.000000    60.000000  0.021957
245.000000    65.000000  0.021584
245.000000    70.000000  0.023201
245.000000    75.000000  0.024661
245.000000    80.000000  0.025823
245.000000    85.000000  0.026732
245.000000    90.000000  0.027482
245.000000    95.000000  0.028214
245.000000    100.000000  0.029053
245.000000    105.000000  0.030097
245.000000    110.000000  0.031354
245.000000    115.000000  0.032329
245.000000    120.000000  0.032569
245.000000    125.000000  0.032348
245.000000    130.000000  0.032389
245.000000    135.000000  0.032762
245.000000    140.000000  0.032741
245.000000    145.000000  0.032656
245.000000    150.000000  0.029511
245.000000    155.000000  0.021361
245.000000    160.000000  0.041965
245.000000    165.000000  0.061273
245.000000    170.000000  0.075527
245.000000    175.000000  0.085537
245.000000    180.000000  0.092397
250.000000    0.000000  0.012088
250.000000    5.000000  0.013735
250.000000    10.000000  0.015151
250.000000    15.000000  0.014771
250.000000    20.000000  0.015571
250.000000    25.000000  0.016635
250.000000    30.000000  0.017622
250.000000    35.000000  0.018521
250.000000    40.000000  0.019295
250.000000    45.000000  0.019950
250.000000    50.000000  0.020433
250.000000    55.000000  0.020741
250.000000    60.000000  0.020843
250.000000    65.000000  0.020734
250.000000    70.000000  0.020446
250.000000    75.000000  0.022067
250.000000    80.000000  0.023562
250.000000    85.000000  0.024792
250.000000    90.000000  0.025798
250.000000    95.000000  0.026673
250.000000    100.000000  0.027557
250.000000    105.000000  0.028571
250.000000    110.000000  0.029803
250.000000    115.000000  0.031243
250.000000    120.000000  0.032379
250.000000    125.000000  0.032753
250.000000    130.000000  0.032647
250.000000    135.000000  0.032764
250.000000    140.000000  0.033176
250.000000    145.000000  0.033176
250.000000    150.000000  0.033085
250.000000    155.000000  0.029845
250.000000    160.000000  0.021715
250.000000    165.000000  0.042256
250.000000    170.000000  0.060389
250.000000    175.000000  0.073154
250.000000    180.000000  0.081560
255.000000    0.000000  0.008521
255.000000    5.000000  0.010347
255.000000    10.000000  0.012106
255.000000    15.000000  0.013499
255.000000    20.000000  0.013067
255.000000    25.000000  0.013840
255.000000    30.000000  0.014894
255.000000    35.000000  0.015880
255.000000    40.000000  0.016786
255.000000    45.000000  0.017560
255.000000    50.000000  0.018212
255.000000    55.000000  0.018695
255.000000    60.000000  0.019017
255.000000    65.000000  0.019153
255.000000    70.000000  0.019104
255.000000    75.000000  0.018899
255.000000    80.000000  0.020521
255.000000    85.000000  0.022056
255.000000    90.000000  0.023357
255.000000    95.000000  0.024468
255.000000    100.000000  0.025476
255.000000    105.000000  0.026520
255.000000    110.000000  0.027715
255.000000    115.000000  0.029138
255.000000    120.000000  0.030762
255.000000    125.000000  0.032058
255.000000    130.000000  0.032563
255.000000    135.000000  0.032563
255.000000    140.000000  0.032747
255.000000    145.000000  0.033177
255.000000    150.000000  0.033175
255.000000    155.000000  0.033064
255.000000    160.000000  0.029747
255.000000    165.000000  0.021669
255.000000    170.000000  0.041495
255.000000    175.000000  0.057621
255.000000    180.000000  0.067889
260.000000    0.000000  0.005271
260.000000    5.000000  0.006930
260.000000    10.000000  0.008835
260.000000    15.000000  0.010714
260.000000    20.000000  0.012079
260.000000    25.000000  0.011611
260.000000    30.000000  0.012343
260.000000    35.000000  0.013337
260.000000    40.000000  0.014251
260.000000    45.000000  0.015086
260.000000    50.000000  0.015799
260.000000    55.000000  0.016411
260.000000    60.000000  0.016882
260.000000    65.000000  0.017225
260.000000    70.000000  0.017421
260.000000    75.000000  0.017469
260.000000    80.000000  0.017384
260.000000    85.000000  0.019012
260.000000    90.000000  0.020588
260.000000    95.000000  0.021965
260.000000    100.000000  0.023182
260.000000    105.000000  0.024326
260.000000    110.000000  0.025528
260.000000    115.000000  0.026898
260.000000    120.000000  0.028503
260.000000    125.000000  0.030297
260.000000    130.000000  0.031736
260.000000    135.000000  0.032351
260.000000    140.000000  0.032434
260.000000    145.000000  0.032663
260.000000    150.000000  0.033086
260.000000    155.000000  0.033064
260.000000    160.000000  0.032926
260.000000    165.000000  0.029549
260.000000    170.000000  0.021548
260.000000    175.000000  0.040052
260.000000    180.000000  0.053026
265.000000    0.000000  0.002562
265.000000    5.000000  0.003933
265.000000    10.000000  0.005639
265.000000    15.000000  0.007597
265.000000    20.000000  0.009573
265.000000    25.000000  0.010885
265.000000    30.000000  0.010368
265.000000    35.000000  0.011033
265.000000    40.000000  0.011936
265.000000    45.000000  0.012745
265.000000    50.000000  0.013470
265.000000    55.000000  0.014081
265.000000    60.000000  0.014606
265.000000    65.000000  0.015013
265.000000    70.000000  0.015320
265.000000    75.000000  0.015514
265.000000    80.000000  0.015597
265.000000    85.000000  0.015575
265.000000    90.000000  0.016899
265.000000    95.000000  0.018203
265.000000    100.000000  0.019375
265.000000    105.000000  0.020442
265.000000    110.000000  0.021483
265.000000    115.000000  0.022622
265.000000    120.000000  0.023960
265.000000    125.000000  0.025550
265.000000    130.000000  0.027330
265.000000    135.000000  0.028744
265.000000    140.000000  0.029316
265.000000    145.000000  0.029360
265.000000    150.000000  0.029852
265.000000    155.000000  0.029846
265.000000    160.000000  0.029747
265.000000    165.000000  0.029549
265.000000    170.000000  0.026109
265.000000    175.000000  0.021345
265.000000    180.000000  0.036847
270.000000    0.000000  0.000082
270.000000    5.000000  0.000730
270.000000    10.000000  0.001514
270.000000    15.000000  0.002656
270.000000    20.000000  0.004078
270.000000    25.000000  0.005589
270.000000    30.000000  0.006388
270.000000    35.000000  0.005428
270.000000    40.000000  0.005695
270.000000    45.000000  0.006238
270.000000    50.000000  0.006727
270.000000    55.000000  0.007176
270.000000    60.000000  0.007555
270.000000    65.000000  0.007893
270.000000    70.000000  0.008161
270.000000    75.000000  0.008377
270.000000    80.000000  0.008529
270.000000    85.000000  0.008621
270.000000    90.000000  0.008650
270.000000    95.000000  0.009650
270.000000    100.000000  0.010653
270.000000    105.000000  0.011585
270.000000    110.000000  0.012474
270.000000    115.000000  0.013390
270.000000    120.000000  0.014449
270.000000    125.000000  0.015743
270.000000    130.000000  0.017320
270.000000    135.000000  0.019107
270.000000    140.000000  0.020559
270.000000    145.000000  0.021376
270.000000    150.000000  0.021595
270.000000    155.000000  0.021691
270.000000    160.000000  0.021715
270.000000    165.000000  0.021669
270.000000    170.000000  0.021548
270.000000    175.000000  0.021345
270.000000    180.000000  0.021088
275.000000    0.000000  0.002562
275.000000    5.000000  0.000730
275.000000    10.000000  0.005020
275.000000    15.000000  0.010351
275.000000    20.000000  0.014476
275.000000    25.000000  0.017396
275.000000    30.000000  0.019450
275.000000    35.000000  0.020002
275.000000    40.000000  0.019062
275.000000    45.000000  0.019763
275.000000    50.000000  0.020719
275.000000    55.000000  0.021562
275.000000    60.000000  0.022332
275.000000    65.000000  0.022987
275.000000    70.000000  0.023564
275.000000    75.000000  0.024025
275.000000    80.000000  0.024394
275.000000    85.000000  0.024653
275.000000    90.000000  0.024808
275.000000    95.000000  0.024857
275.000000    100.000000  0.026733
275.000000    105.000000  0.028596
275.000000    110.000000  0.030288
275.000000    115.000000  0.031842
275.000000    120.000000  0.033334
275.000000    125.000000  0.034874
275.000000    130.000000  0.036541
275.000000    135.000000  0.038363
275.000000    140.000000  0.040287
275.000000    145.000000  0.041808
275.000000    150.000000  0.042614
275.000000    155.000000  0.042320
275.000000    160.000000  0.042304
275.000000    165.000000  0.042256
275.000000    170.000000  0.041495
275.000000    175.000000  0.040052
275.000000    180.000000  0.036847
280.000000    0.000000  0.005271
280.000000    5.000000  0.003933
280.000000    10.000000  0.001514
280.000000    15.000000  0.010351
280.000000    20.000000  0.020881
280.000000    25.000000  0.028893
280.000000    30.000000  0.034405
280.000000    35.000000  0.037958
280.000000    40.000000  0.039117
280.000000    45.000000  0.038739
280.000000    50.000000  0.040169
280.000000    55.000000  0.041730
280.000000    60.000000  0.043066
280.000000    65.000000  0.044231
280.000000    70.000000  0.045201
280.000000    75.000000  0.046042
280.000000    80.000000  0.046704
280.000000    85.000000  0.047219
280.000000    90.000000  0.047580
280.000000    95.000000  0.047796
280.000000    100.000000  0.047852
280.000000    105.000000  0.049980
280.000000    110.000000  0.052041
280.000000    115.000000  0.053877
280.000000    120.000000  0.055517
280.000000    125.000000  0.057017
280.000000    130.000000  0.058450
280.000000    135.000000  0.059945
280.000000    140.000000  0.061449
280.000000    145.000000  0.062926
280.000000    150.000000  0.063860
280.000000    155.000000  0.063872
280.000000    160.000000  0.063014
280.000000    165.000000  0.061895
280.000000    170.000000  0.060389
280.000000    175.000000  0.057621
280.000000    180.000000  0.053026
285.000000    0.000000  0.008521
285.000000    5.000000  0.006930
285.000000    10.000000  0.005639
285.000000    15.000000  0.002656
285.000000    20.000000  0.014476
285.000000    25.000000  0.028893
285.000000    30.000000  0.039987
285.000000    35.000000  0.047765
285.000000    40.000000  0.052751
285.000000    45.000000  0.054632
285.000000    50.000000  0.054901
285.000000    55.000000  0.057066
285.000000    60.000000  0.059239
285.000000    65.000000  0.061072
285.000000    70.000000  0.062635
285.000000    75.000000  0.063904
285.000000    80.000000  0.064950
285.000000    85.000000  0.065681
285.000000    90.000000  0.066081
285.000000    95.000000  0.066067
285.000000    100.000000  0.065625
285.000000    105.000000  0.064896
285.000000    110.000000  0.067202
285.000000    115.000000  0.069371
285.000000    120.000000  0.071262
285.000000    125.000000  0.072900
285.000000    130.000000  0.074342
285.000000    135.000000  0.075648
285.000000    140.000000  0.076907
285.000000    145.000000  0.078030
285.000000    150.000000  0.078982
285.000000    155.000000  0.079273
285.000000    160.000000  0.078584
285.000000    165.000000  0.077127
285.000000    170.000000  0.075633
285.000000    175.000000  0.073154
285.000000    180.000000  0.067889
290.000000    0.000000  0.012088
290.000000    5.000000  0.010347
290.000000    10.000000  0.008835
290.000000    15.000000  0.007597
290.000000    20.000000  0.004078
290.000000    25.000000  0.017396
290.000000    30.000000  0.034405
290.000000    35.000000  0.047765
290.000000    40.000000  0.057385
290.000000    45.000000  0.063632
290.000000    50.000000  0.066238
290.000000    55.000000  0.067176
290.000000    60.000000  0.070057
290.000000    65.000000  0.072829
290.000000    70.000000  0.075125
290.000000    75.000000  0.076972
290.000000    80.000000  0.078248
290.000000    85.000000  0.078943
290.000000    90.000000  0.079119
290.000000    95.000000  0.079005
290.000000    100.000000  0.078626
290.000000    105.000000  0.078001
290.000000    110.000000  0.077099
290.000000    115.000000  0.079551
290.000000    120.000000  0.081803
290.000000    125.000000  0.083724
290.000000    130.000000  0.085330
290.000000    135.000000  0.086672
290.000000    140.000000  0.087798
290.000000    145.000000  0.088784
290.000000    150.000000  0.089505
290.000000    155.000000  0.089919
290.000000    160.000000  0.089566
290.000000    165.000000  0.088237
290.000000    170.000000  0.086738
290.000000    175.000000  0.085537
290.000000    180.000000  0.081560
295.000000    0.000000  0.015258
295.000000    5.000000  0.013735
295.000000    10.000000  0.012106
295.000000    15.000000  0.010714
295.000000    20.000000  0.009573
295.000000    25.000000  0.005589
295.000000    30.000000  0.019450
295.000000    35.000000  0.037958
295.000000    40.000000  0.052751
295.000000    45.000000  0.063632
295.000000    50.000000  0.070774
295.000000    55.000000  0.073892
295.000000    60.000000  0.075336
295.000000    65.000000  0.078772
295.000000    70.000000  0.081995
295.000000    75.000000  0.084545
295.000000    80.000000  0.086306
295.000000    85.000000  0.087279
295.000000    90.000000  0.087848
295.000000    95.000000  0.088085
295.000000    100.000000  0.088121
295.000000    105.000000  0.088036
295.000000    110.000000  0.087827
295.000000    115.000000  0.087415
295.000000    120.000000  0.089948
295.000000    125.000000  0.092223
295.000000    130.000000  0.094118
295.000000    135.000000  0.095644
295.000000    140.000000  0.096845
295.000000    145.000000  0.097761
295.000000    150.000000  0.098452
295.000000    155.000000  0.098763
295.000000    160.000000  0.098636
295.000000    165.000000  0.097644
295.000000    170.000000  0.095697
295.000000    175.000000  0.094209
295.000000    180.000000  0.092397
300.000000    0.000000  0.018212
300.000000    5.000000  0.016677
300.000000    10.000000  0.015151
300.000000    15.000000  0.013499
300.000000    20.000000  0.012079
300.000000    25.000000  0.010885
300.000000    30.000000  0.006388
300.000000    35.000000  0.020002
300.000000    40.000000  0.039117
300.000000    45.000000  0.054632
300.000000    50.000000  0.066238
300.000000    55.000000  0.073892
300.000000    60.000000  0.077269
300.000000    65.000000  0.079016
300.000000    70.000000  0.082821
300.000000    75.000000  0.086357
300.000000    80.000000  0.088993
300.000000    85.000000  0.090818
300.000000    90.000000  0.092246
300.000000    95.000000  0.093520
300.000000    100.000000  0.094548
300.000000    105.000000  0.095321
300.000000    110.000000  0.095822
300.000000    115.000000  0.096064
300.000000    120.000000  0.095992
300.000000    125.000000  0.098650
300.000000    130.000000  0.100991
300.000000    135.000000  0.102900
300.000000    140.000000  0.104384
300.000000    145.000000  0.105481
300.000000    150.000000  0.106220
300.000000    155.000000  0.106652
300.000000    160.000000  0.106591
300.000000    165.000000  0.105965
300.000000    170.000000  0.104380
300.000000    175.000000  0.101825
300.000000    180.000000  0.100002
305.000000    0.000000  0.018081
305.000000    5.000000  0.018036
305.000000    10.000000  0.016344
305.000000    15.000000  0.014771
305.000000    20.000000  0.013067
305.000000    25.000000  0.011611
305.000000    30.000000  0.010368
305.000000    35.000000  0.005428
305.000000    40.000000  0.019062
305.000000    45.000000  0.038739
305.000000    50.000000  0.054901
305.000000    55.000000  0.067176
305.000000    60.000000  0.075336
305.000000    65.000000  0.079016
305.000000    70.000000  0.081108
305.000000    75.000000  0.085301
305.000000    80.000000  0.089228
305.000000    85.000000  0.092453
305.000000    90.000000  0.095160
305.000000    95.000000  0.097398
305.000000    100.000000  0.099280
305.000000    105.000000  0.100755
305.000000    110.000000  0.101861
305.000000    115.000000  0.102613
305.000000    120.000000  0.103039
305.000000    125.000000  0.103106
305.000000    130.000000  0.105865
305.000000    135.000000  0.108263
305.000000    140.000000  0.110184
305.000000    145.000000  0.111630
305.000000    150.000000  0.112634
305.000000    155.000000  0.113219
305.000000    160.000000  0.113425
305.000000    165.000000  0.113042
305.000000    170.000000  0.111977
305.000000    175.000000  0.109856
305.000000    180.000000  0.106879
310.000000    0.000000  0.019813
310.000000    5.000000  0.018887
310.000000    10.000000  0.018694
310.000000    15.000000  0.017076
310.000000    20.000000  0.015571
310.000000    25.000000  0.013840
310.000000    30.000000  0.012343
310.000000    35.000000  0.011033
310.000000    40.000000  0.005695
310.000000    45.000000  0.019763
310.000000    50.000000  0.040169
310.000000    55.000000  0.057066
310.000000    60.000000  0.070057
310.000000    65.000000  0.078772
310.000000    70.000000  0.082821
310.000000    75.000000  0.085301
310.000000    80.000000  0.089896
310.000000    85.000000  0.094185
310.000000    90.000000  0.097801
310.000000    95.000000  0.100862
310.000000    100.000000  0.103380
310.000000    105.000000  0.105480
310.000000    110.000000  0.107115
310.000000    115.000000  0.108337
310.000000    120.000000  0.109162
310.000000    125.000000  0.109625
310.000000    130.000000  0.109697
310.000000    135.000000  0.112518
310.000000    140.000000  0.114925
310.000000    145.000000  0.116810
310.000000    150.000000  0.118169
310.000000    155.000000  0.119034
310.000000    160.000000  0.119422
310.000000    165.000000  0.119363
310.000000    170.000000  0.118628
310.000000    175.000000  0.117073
310.000000    180.000000  0.114660
315.000000    0.000000  0.022211
315.000000    5.000000  0.020978
315.000000    10.000000  0.019955
315.000000    15.000000  0.019585
315.000000    20.000000  0.017990
315.000000    25.000000  0.016635
315.000000    30.000000  0.014894
315.000000    35.000000  0.013337
315.000000    40.000000  0.011936
315.000000    45.000000  0.006238
315.000000    50.000000  0.020719
315.000000    55.000000  0.041730
315.000000    60.000000  0.059239
315.000000    65.000000  0.072829
315.000000    70.000000  0.081995
315.000000    75.000000  0.086357
315.000000    80.000000  0.089228
315.000000    85.000000  0.094185
315.000000    90.000000  0.098788
315.000000    95.000000  0.102675
315.000000    100.000000  0.105963
315.000000    105.000000  0.108667
315.000000    110.000000  0.110915
315.000000    115.000000  0.112664
315.000000    120.000000  0.113963
315.000000    125.000000  0.114834
315.000000    130.000000  0.115311
315.000000    135.000000  0.115368
315.000000    140.000000  0.118236
315.000000    145.000000  0.120638
315.000000    150.000000  0.122474
315.000000    155.000000  0.123739
315.000000    160.000000  0.124460
315.000000    165.000000  0.124651
315.000000    170.000000  0.124334
315.000000    175.000000  0.123230
315.000000    180.000000  0.121339
320.000000    0.000000  0.024930
320.000000    5.000000  0.023539
320.000000    10.000000  0.022237
320.000000    15.000000  0.021112
320.000000    20.000000  0.020543
320.000000    25.000000  0.018909
320.000000    30.000000  0.017622
320.000000    35.000000  0.015880
320.000000    40.000000  0.014251
320.000000    45.000000  0.012745
320.000000    50.000000  0.006727
320.000000    55.000000  0.021562
320.000000    60.000000  0.043066
320.000000    65.000000  0.061072
320.000000    70.000000  0.075125
320.000000    75.000000  0.084545
320.000000    80.000000  0.088993
320.000000    85.000000  0.092453
320.000000    90.000000  0.097801
320.000000    95.000000  0.102675
320.000000    100.000000  0.106789
320.000000    105.000000  0.110266
320.000000    110.000000  0.113125
320.000000    115.000000  0.115495
320.000000    120.000000  0.117335
320.000000    125.000000  0.118697
320.000000    130.000000  0.119602
320.000000    135.000000  0.120086
320.000000    140.000000  0.120125
320.000000    145.000000  0.123029
320.000000    150.000000  0.125419
320.000000    155.000000  0.127200
320.000000    160.000000  0.128367
320.000000    165.000000  0.128945
320.000000    170.000000  0.128944
320.000000    175.000000  0.128352
320.000000    180.000000  0.126954
325.000000    0.000000  0.027720
325.000000    5.000000  0.026303
325.000000    10.000000  0.024857
325.000000    15.000000  0.023492
325.000000    20.000000  0.022267
325.000000    25.000000  0.021492
325.000000    30.000000  0.019812
325.000000    35.000000  0.018521
325.000000    40.000000  0.016786
325.000000    45.000000  0.015086
325.000000    50.000000  0.013470
325.000000    55.000000  0.007176
325.000000    60.000000  0.022332
325.000000    65.000000  0.044231
325.000000    70.000000  0.062635
325.000000    75.000000  0.076972
325.000000    80.000000  0.086306
325.000000    85.000000  0.090818
325.000000    90.000000  0.095160
325.000000    95.000000  0.100862
325.000000    100.000000  0.105963
325.000000    105.000000  0.110266
325.000000    110.000000  0.113900
325.000000    115.000000  0.116885
325.000000    120.000000  0.119354
325.000000    125.000000  0.121268
325.000000    130.000000  0.122678
325.000000    135.000000  0.123607
325.000000    140.000000  0.124093
325.000000    145.000000  0.124112
325.000000    150.000000  0.127043
325.000000    155.000000  0.129409
325.000000    160.000000  0.131128
325.000000    165.000000  0.132192
325.000000    170.000000  0.132627
325.000000    175.000000  0.132415
325.000000    180.000000  0.131521
330.000000    0.000000  0.030243
330.000000    5.000000  0.028970
330.000000    10.000000  0.027519
330.000000    15.000000  0.026029
330.000000    20.000000  0.024612
330.000000    25.000000  0.023297
330.000000    30.000000  0.022324
330.000000    35.000000  0.020614
330.000000    40.000000  0.019295
330.000000    45.000000  0.017560
330.000000    50.000000  0.015799
330.000000    55.000000  0.014081
330.000000    60.000000  0.007555
330.000000    65.000000  0.022987
330.000000    70.000000  0.045201
330.000000    75.000000  0.063904
330.000000    80.000000  0.078248
330.000000    85.000000  0.087279
330.000000    90.000000  0.092246
330.000000    95.000000  0.097398
330.000000    100.000000  0.103380
330.000000    105.000000  0.108667
330.000000    110.000000  0.113125
330.000000    115.000000  0.116885
330.000000    120.000000  0.119971
330.000000    125.000000  0.122519
330.000000    130.000000  0.124489
330.000000    135.000000  0.125937
330.000000    140.000000  0.126881
330.000000    145.000000  0.127365
330.000000    150.000000  0.127365
330.000000    155.000000  0.130310
330.000000    160.000000  0.132641
330.000000    165.000000  0.134285
330.000000    170.000000  0.135238
330.000000    175.000000  0.135513
330.000000    180.000000  0.135024
335.000000    0.000000  0.032334
335.000000    5.000000  0.031288
335.000000    10.000000  0.030002
335.000000    15.000000  0.028532
335.000000    20.000000  0.027013
335.000000    25.000000  0.025560
335.000000    30.000000  0.024168
335.000000    35.000000  0.023014
335.000000    40.000000  0.021292
335.000000    45.000000  0.019950
335.000000    50.000000  0.018212
335.000000    55.000000  0.016411
335.000000    60.000000  0.014606
335.000000    65.000000  0.007893
335.000000    70.000000  0.023564
335.000000    75.000000  0.046042
335.000000    80.000000  0.064950
335.000000    85.000000  0.078943
335.000000    90.000000  0.087848
335.000000    95.000000  0.093520
335.000000    100.000000  0.099280
335.000000    105.000000  0.105480
335.000000    110.000000  0.110915
335.000000    115.000000  0.115495
335.000000    120.000000  0.119354
335.000000    125.000000  0.122519
335.000000    130.000000  0.125127
335.000000    135.000000  0.127139
335.000000    140.000000  0.128613
335.000000    145.000000  0.129567
335.000000    150.000000  0.130045
335.000000    155.000000  0.130026
335.000000    160.000000  0.132975
335.000000    165.000000  0.135253
335.000000    170.000000  0.136805
335.000000    175.000000  0.137630
335.000000    180.000000  0.137618
340.000000    0.000000  0.033796
340.000000    5.000000  0.033070
340.000000    10.000000  0.032031
340.000000    15.000000  0.030744
340.000000    20.000000  0.029267
340.000000    25.000000  0.027734
340.000000    30.000000  0.026261
340.000000    35.000000  0.024809
340.000000    40.000000  0.023496
340.000000    45.000000  0.021779
340.000000    50.000000  0.020433
340.000000    55.000000  0.018695
340.000000    60.000000  0.016882
340.000000    65.000000  0.015013
340.000000    70.000000  0.008161
340.000000    75.000000  0.024025
340.000000    80.000000  0.046704
340.000000    85.000000  0.065681
340.000000    90.000000  0.079119
340.000000    95.000000  0.088085
340.000000    100.000000  0.094548
340.000000    105.000000  0.100755
340.000000    110.000000  0.107115
340.000000    115.000000  0.112664
340.000000    120.000000  0.117335
340.000000    125.000000  0.121268
340.000000    130.000000  0.124489
340.000000    135.000000  0.127139
340.000000    140.000000  0.129182
340.000000    145.000000  0.130671
340.000000    150.000000  0.131630
340.000000    155.000000  0.132102
340.000000    160.000000  0.132066
340.000000    165.000000  0.135002
340.000000    170.000000  0.137200
340.000000    175.000000  0.138634
340.000000    180.000000  0.139180
345.000000    0.000000  0.034538
345.000000    5.000000  0.034178
345.000000    10.000000  0.033469
345.000000    15.000000  0.032446
345.000000    20.000000  0.031170
345.000000    25.000000  0.029703
345.000000    30.000000  0.028174
345.000000    35.000000  0.026700
345.000000    40.000000  0.025209
345.000000    45.000000  0.023763
345.000000    50.000000  0.022072
345.000000    55.000000  0.020741
345.000000    60.000000  0.019017
345.000000    65.000000  0.017225
345.000000    70.000000  0.015320
345.000000    75.000000  0.008377
345.000000    80.000000  0.024394
345.000000    85.000000  0.047219
345.000000    90.000000  0.066081
345.000000    95.000000  0.079005
345.000000    100.000000  0.088121
345.000000    105.000000  0.095321
345.000000    110.000000  0.101861
345.000000    115.000000  0.108337
345.000000    120.000000  0.113963
345.000000    125.000000  0.118697
345.000000    130.000000  0.122678
345.000000    135.000000  0.125937
345.000000    140.000000  0.128613
345.000000    145.000000  0.130671
345.000000    150.000000  0.132168
345.000000    155.000000  0.133127
345.000000    160.000000  0.133591
345.000000    165.000000  0.133540
345.000000    170.000000  0.136437
345.000000    175.000000  0.138511
345.000000    180.000000  0.139668
350.000000    0.000000  0.034457
350.000000    5.000000  0.034509
350.000000    10.000000  0.034174
350.000000    15.000000  0.033489
350.000000    20.000000  0.032492
350.000000    25.000000  0.031240
350.000000    30.000000  0.029797
350.000000    35.000000  0.028292
350.000000    40.000000  0.026838
350.000000    45.000000  0.025328
350.000000    50.000000  0.023777
350.000000    55.000000  0.022134
350.000000    60.000000  0.020843
350.000000    65.000000  0.019153
350.000000    70.000000  0.017421
350.000000    75.000000  0.015514
350.000000    80.000000  0.008529
350.000000    85.000000  0.024653
350.000000    90.000000  0.047580
350.000000    95.000000  0.066067
350.000000    100.000000  0.078626
350.000000    105.000000  0.088036
350.000000    110.000000  0.095822
350.000000    115.000000  0.102613
350.000000    120.000000  0.109162
350.000000    125.000000  0.114834
350.000000    130.000000  0.119602
350.000000    135.000000  0.123607
350.000000    140.000000  0.126881
350.000000    145.000000  0.129567
350.000000    150.000000  0.131630
350.000000    155.000000  0.133127
350.000000    160.000000  0.134080
350.000000    165.000000  0.134536
350.000000    170.000000  0.134474
350.000000    175.000000  0.137283
350.000000    180.000000  0.139064
355.000000    0.000000  0.033533
355.000000    5.000000  0.034005
355.000000    10.000000  0.034080
355.000000    15.000000  0.033773
355.000000    20.000000  0.033118
355.000000    25.000000  0.032155
355.000000    30.000000  0.030941
355.000000    35.000000  0.029538
355.000000    40.000000  0.028075
355.000000    45.000000  0.026662
355.000000    50.000000  0.025156
355.000000    55.000000  0.023531
355.000000    60.000000  0.021957
355.000000    65.000000  0.020734
355.000000    70.000000  0.019104
355.000000    75.000000  0.017469
355.000000    80.000000  0.015597
355.000000    85.000000  0.008621
355.000000    90.000000  0.024808
355.000000    95.000000  0.047796
355.000000    100.000000  0.065625
355.000000    105.000000  0.078001
355.000000    110.000000  0.087827
355.000000    115.000000  0.096064
355.000000    120.000000  0.103039
355.000000    125.000000  0.109625
355.000000    130.000000  0.115311
355.000000    135.000000  0.120086
355.000000    140.000000  0.124093
355.000000    145.000000  0.127365
355.000000    150.000000  0.130045
355.000000    155.000000  0.132102
355.000000    160.000000  0.133591
355.000000    165.000000  0.134536
355.000000    170.000000  0.134982
355.000000    175.000000  0.134912
355.000000    180.000000  0.137435
360.000000    0.000000  0.031901
360.000000    5.000000  0.032721
360.000000    10.000000  0.033209
360.000000    15.000000  0.033305
360.000000    20.000000  0.033027
360.000000    25.000000  0.032407
360.000000    30.000000  0.031486
360.000000    35.000000  0.030320
360.000000    40.000000  0.028971
360.000000    45.000000  0.027566
360.000000    50.000000  0.026213
360.000000    55.000000  0.024731
360.000000    60.000000  0.023074
360.000000    65.000000  0.021584
360.000000    70.000000  0.020446
360.000000    75.000000  0.018899
360.000000    80.000000  0.017384
360.000000    85.000000  0.015575
360.000000    90.000000  0.008650
360.000000    95.000000  0.024857
360.000000    100.000000  0.047852
360.000000    105.000000  0.064896
360.000000    110.000000  0.077099
360.000000    115.000000  0.087415
360.000000    120.000000  0.095992
360.000000    125.000000  0.103106
360.000000    130.000000  0.109697
360.000000    135.000000  0.115368
360.000000    140.000000  0.120125
360.000000    145.000000  0.124112
360.000000    150.000000  0.127365
360.000000    155.000000  0.130026
360.000000    160.000000  0.132066
360.000000    165.000000  0.133540
360.000000    170.000000  0.134474
360.000000    175.000000  0.134912
360.000000    180.000000  0.134837
